CELL_ID	PUB_IDA	PUB_IDB	SCORE_BLISS
43	208908	176870	-1.038
43	13342	5311	-0.4671
43	36462	387447	-1.2275
43	36462	9826528	-1.0687
43	208908	6857599	-0.7913
43	208908	24958200	-0.8861
43	176870	3062316	-1.2846
43	38904	176870	-1.1738
43	38904	16224745	-1.225
43	2907	3062316	-1.432
43	59691338	6857599	-1.1218
43	59691338	176870	-1.2433
43	59691338	208908	-1.0785
43	59691338	11960529	-1.1586
43	216453	24856436	-1.1639
43	24958200	104842	-1.224
43	104842	16224745	-0.2068
43	208908	24964624	-1.0001
43	59691338	6421776	-1.3733
43	216453	11520894	-1.1302
43	31703	216453	0.011
43	36314	11960529	-0.036
43	31703	16224745	-0.0139
43	126941	11960529	-0.0579
43	31703	5394	-0.0381
43	126941	208908	-0.1118
43	36314	208908	-0.0738
43	126941	16224745	-0.103
43	36314	24958200	-0.0025
43	31703	11960529	-0.021
43	31703	176870	-0.0735
43	31703	24964624	-0.1009
43	31703	5329102	-0.1224
43	36314	24964624	-0.1032
43	31703	24958200	0.0097
43	31703	208908	-0.0683
43	126941	24964624	-0.1738
43	31703	5311	-0.0698
43	126941	24748204	-0.1861
43	387447	11960529	-0.0658
43	31703	216239	-0.1287
43	36314	176870	-0.0894
43	126941	24958200	-0.0742
43	31703	5288382	-0.1833
43	126941	5329102	-0.1903
43	31703	3062316	-0.1908
43	31703	24748204	-0.0583
43	31703	24856436	-0.1736
43	126941	216239	-0.26
43	36314	24748204	-0.2422
43	126941	5394	-0.0666
43	60750	24958200	-0.1321
43	126941	216453	-0.0851
43	60750	11960529	-0.1691
43	36314	216453	-0.1401
43	36314	24856436	-0.1856
43	387447	16224745	-0.1465
43	60750	208908	-0.1824
43	46926350	16224745	-0.1322
43	60750	24964624	-0.2244
43	44424639	208908	-0.2267
43	36314	16224745	-0.1003
43	126941	176870	-0.158
43	60750	176870	-0.2242
43	60750	24748204	-0.207
43	60750	216239	-0.2666
43	60750	6421776	-0.2703
43	60750	5288382	-0.2564
43	60750	5394	-0.1996
43	36314	5329102	-0.2681
43	60750	3062316	-0.2829
43	60750	5329102	-0.2783
43	44424639	11960529	-0.1807
43	36314	5288382	-0.1842
43	36314	3062316	-0.2065
43	126941	24856436	-0.2633
43	126941	5311	-0.216
43	36314	5394	-0.1174
43	44424639	24958200	-0.1635
43	36314	6421776	-0.2108
43	36314	5311	-0.1872
43	60700	216239	-0.3331
43	387447	6857599	-0.0361
43	126941	3062316	-0.2991
43	60700	16224745	-0.2759
43	36314	216239	-0.3261
43	60750	9826528	-0.3536
43	5311	5394	-0.1536
43	387447	60700	-0.3565
43	60750	24856436	-0.3293
43	387447	3062316	-0.2553
43	5311	216239	-0.3429
43	5311	6857599	-0.2075
43	387447	216239	-0.39
43	60750	16224745	-0.4275
43	31703	6421776	-0.3764
43	126941	5288382	-0.3115
43	60750	46926350	-0.3663
43	36462	5394	-0.2356
43	13342	11960529	-0.1731
43	44424639	24964624	-0.2524
43	387447	5288382	-0.251
43	36314	9826528	-0.3489
43	36462	216239	-0.4425
43	44424639	16224745	-0.2884
43	5329102	5394	-0.3383
43	60750	387447	-0.483
43	13342	24964624	-0.2293
43	36462	5329102	-0.448
43	36462	11960529	-0.2047
43	5311	5329102	-0.3108
43	387447	6421776	-0.329
43	44424639	24856436	-0.3857
43	13342	208908	-0.2393
43	104842	216239	-0.5494
43	5329102	216239	-0.5416
43	44424639	24748204	-0.3302
43	44424639	5329102	-0.5038
43	44424639	5288382	-0.3797
43	44424639	176870	-0.2975
43	44424639	5311	-0.3655
43	31703	9826528	-0.5529
43	36462	24958200	-0.2876
43	44424639	3062316	-0.4151
43	5288382	216239	-0.5439
43	44424639	216239	-0.5682
43	44424639	5394	-0.2995
43	5311	11960529	-0.0637
43	5288382	6857599	-0.2444
43	13342	216453	-0.3976
43	104842	46926350	-0.3995
43	13342	24856436	-0.4364
43	5311	24958200	-0.2626
43	36314	46926350	-0.5513
43	13342	16224745	-0.2968
43	13342	24748204	-0.4355
43	13342	176870	-0.3799
43	44424639	6421776	-0.3665
43	13342	5288382	-0.4378
43	126941	6421776	-0.5265
43	5329102	6857599	-0.4411
43	13342	5329102	-0.5905
43	13342	24958200	-0.2092
43	24748204	6857599	-0.3465
43	24748204	216239	-0.662
43	13342	5394	-0.2748
43	60750	11520894	-0.6446
43	5311	208908	-0.4093
43	13342	3062316	-0.4587
43	13342	6421776	-0.4845
43	13342	216239	-0.6888
43	36462	16224745	-0.5131
43	44424639	9826528	-0.4343
43	31703	46926350	-0.7375
43	36314	387447	-0.5866
43	5311	16224745	-0.4962
43	36462	176870	-0.5768
43	60700	6421776	-0.6698
43	31703	387447	-0.762
43	15953832	4091	-0.2715
43	36462	5311	-0.6052
43	5311	176870	-0.5791
43	36462	24964624	-0.6157
43	5311	24964624	-0.5373
43	126941	9826528	-0.732
43	44424639	46926350	-0.6862
43	36462	208908	-0.5115
43	5329102	11960529	-0.6393
43	5311	24748204	-0.6265
43	5288382	16224745	-0.6085
43	24748204	11960529	-0.4163
43	5329102	24958200	-0.6342
43	36314	11520894	-0.6754
43	3385	5394	-0.4846
43	36462	24748204	-0.6516
43	5746	216239	-0.7628
43	387447	46926350	-0.7293
43	44424639	387447	-0.7275
43	24748204	24958200	-0.5292
43	9826528	6857599	-0.4491
43	36462	3062316	-0.7515
43	9826528	11960529	-0.4682
43	13342	9826528	-0.5672
43	5311	3062316	-0.6704
43	31703	11520894	-0.8983
43	5746	5394	-0.5233
43	15953832	5394	-0.5919
43	5311	5288382	-0.6733
43	6421776	6857599	-0.5404
43	5746	5329102	-0.8155
43	36462	5288382	-0.7747
43	216239	16224745	-0.8976
43	6421776	16224745	-0.6716
43	3062316	6857599	-0.6028
43	6421776	216239	-0.9415
43	3062316	11960529	-0.6183
43	3062316	216239	-0.9446
43	24748204	16224745	-0.6804
43	3062316	16224745	-0.7759
43	13342	46926350	-0.8071
43	126941	387447	-0.9795
43	9826528	216239	-0.93
43	5746	11960529	-0.5163
43	24748204	24964624	-0.6921
43	5311	60700	-0.9436
43	24748204	176870	-0.7245
43	126941	46926350	-0.9982
43	3062316	5288382	-0.7836
43	60700	46926350	-0.9923
43	3062316	60700	-0.9868
43	5329102	176870	-0.8807
43	44424639	11520894	-0.7073
43	5329102	16224745	-0.9033
43	3385	216239	-0.9581
43	5311	24856436	-0.8681
43	5746	216453	-0.5366
43	5329102	208908	-0.8662
43	5329102	24964624	-0.8628
43	176870	216239	-0.9989
43	36462	24856436	-0.9181
43	13342	387447	-0.8918
43	5746	24958200	-0.5919
43	15953832	38904	-0.6307
43	3062316	6421776	-0.8751
43	15953832	216239	-1.063
43	176870	6857599	-0.5875
43	5311	6421776	-0.8338
43	36462	6421776	-0.97
43	9826528	16224745	-0.7221
43	24748204	3062316	-0.9459
43	5288382	60700	-1.0676
43	5329102	3062316	-1.0447
43	387447	11520894	-0.8307
43	5329102	24748204	-1.034
43	216239	46926350	-1.1606
43	24748204	5288382	-0.9656
43	15953832	6857599	-0.7128
43	126941	11520894	-1.054
43	5311	9826528	-0.8726
43	5329102	5288382	-1.0658
43	5746	16224745	-0.8683
43	13342	11520894	-0.7863
43	5746	5311	-1.0111
43	5746	208908	-0.8208
43	3385	11960529	-0.7858
43	24964624	216239	-1.1855
43	3062316	46926350	-1.0611
43	24748204	60700	-1.054
43	9826528	5288382	-0.9046
43	176870	11960529	-0.7254
43	9826528	3062316	-0.9168
43	5746	176870	-0.7328
43	5329102	60700	-1.2582
43	24964624	6857599	-0.6464
43	387447	104842	-1.0268
43	5311	104842	-1.0662
43	5746	24964624	-0.8772
43	5311	11520894	-1.0771
43	5288382	6421776	-1.013
43	5311	387447	-1.0965
43	5746	24748204	-0.986
43	9826528	60700	-1.1683
43	5311	46926350	-1.1421
43	5394	216239	-1.2444
43	5394	6857599	-0.8476
43	5329102	24856436	-1.1892
43	3385	24958200	-0.8183
43	5311	60750	-1.23
43	24964624	11960529	-0.7477
43	15953832	5743	-0.7761
43	15953832	11960529	-0.8375
43	5746	3062316	-1.1026
43	15953832	2907	-0.7907
43	5329102	9826528	-1.1783
43	5329102	6421776	-1.2551
43	5394	11960529	-0.9574
43	9826528	6421776	-1.0042
43	3062316	11520894	-0.9961
43	15953832	3385	-0.9966
43	15953832	24958200	-0.93
43	36462	46926350	-1.2408
43	5329102	11520894	-1.1871
43	5329102	104842	-1.1868
43	3062316	104842	-1.0777
43	5329102	387447	-1.2856
43	24748204	6421776	-1.0782
43	36462	11520894	-1.0672
43	5746	5288382	-1.0801
43	3385	5329102	-1.2241
43	5329102	46926350	-1.3011
43	3385	216453	-0.9439
43	5394	208908	-0.96
43	6421776	46926350	-1.1919
43	3385	208908	-0.9685
43	208908	216239	-1.3189
43	5394	24958200	-0.976
43	216453	6857599	-0.8424
43	15953832	5329102	-1.2757
43	15953832	216453	-1.0036
43	11520894	6857599	-0.8415
43	11520894	5288382	-1.0873
43	3385	24964624	-1.0163
43	3385	176870	-1.0955
43	24856436	24958200	-1.1002
43	5288382	104842	-1.2076
43	24856436	6857599	-1.1207
43	24748204	11520894	-1.121
43	5394	176870	-1.0558
43	216453	5394	-1.0275
43	5394	24964624	-0.9987
43	5394	16224745	-1.2312
43	38904	5394	-0.9183
43	11520894	6421776	-1.0926
43	24748204	9826528	-1.1148
43	176870	16224745	-1.0343
43	11520894	216239	-1.3478
43	11520894	16224745	-0.9893
43	11520894	60700	-1.3103
43	5394	5288382	-1.1926
43	216453	216239	-1.3836
43	216453	11960529	-0.881
43	3385	5311	-1.1513
43	24748204	104842	-1.1401
43	5394	24748204	-1.2044
43	216453	5329102	-1.3197
43	9826528	46926350	-1.2022
43	208908	11960529	-0.7971
43	5394	3062316	-1.1954
43	15953832	176870	-1.0621
43	11520894	46926350	-1.1994
43	5288382	46926350	-1.3102
43	216453	24958200	-0.8822
43	24748204	387447	-1.2976
43	24856436	9826528	-1.1859
43	24856436	208908	-1.1367
43	24856436	176870	-1.1552
43	9826528	387447	-1.2083
43	24748204	46926350	-1.3026
43	15953832	5311	-1.1933
43	15953832	16224745	-1.1133
43	24964624	176870	-0.9462
43	24856436	387447	-1.2837
43	24964624	16224745	-0.9787
43	15953832	24964624	-1.1053
43	5394	60700	-1.3455
43	6421776	104842	-1.1497
43	24856436	6421776	-1.25
43	3385	16224745	-1.1456
43	24856436	24964624	-1.1742
43	24856436	11520894	-1.1677
43	15953832	36462	-1.2617
43	5394	24856436	-1.3309
43	24856436	3062316	-1.3085
43	24856436	11960529	-1.0277
43	3385	3062316	-1.2166
43	24856436	46926350	-1.3165
43	15953832	208908	-1.0288
43	24856436	104842	-1.2157
43	24856436	16224745	-1.4217
43	24856436	60700	-1.4497
43	24856436	5288382	-1.2466
43	24856436	24748204	-1.2588
43	24856436	216239	-1.4889
43	5394	104842	-1.1355
43	5394	6421776	-1.2145
43	5394	9826528	-1.123
43	5746	24856436	-1.2618
43	5394	387447	-1.2793
43	9826528	11520894	-0.9508
43	3385	24748204	-1.2195
43	15953832	3062316	-1.2961
43	9826528	104842	-1.0545
43	216453	5311	-1.1149
43	3385	5288382	-1.2375
43	216453	16224745	-1.0346
43	5394	46926350	-1.327
43	5394	11520894	-1.1134
43	15953832	24748204	-1.23
43	216453	208908	-0.9762
43	24964624	3062316	-1.1689
43	216453	176870	-1.0397
43	15953832	5288382	-1.2561
43	11960529	6857599	-0.8908
43	216453	36462	-1.247
43	6857599	216239	-1.4278
43	176870	5288382	-1.2017
43	216453	24748204	-1.2955
43	216453	24964624	-1.0879
43	24964624	5288382	-1.2058
43	5746	6421776	-1.2679
43	3385	11520894	-1.1334
43	216453	3062316	-1.3026
43	3385	24856436	-1.3185
43	15953832	60700	-1.4594
43	15953832	5746	-1.2202
43	3385	46926350	-1.3508
43	3385	9826528	-1.1631
43	216453	5288382	-1.2847
43	208908	16224745	-1.0662
43	3385	6421776	-1.228
43	11520894	104842	-1.0964
43	15953832	24856436	-1.3047
43	3385	387447	-1.3642
43	15953832	13342	-1.3298
43	24964624	60700	-1.4835
43	176870	60700	-1.506
43	15953832	9826528	-1.2032
43	24958200	6857599	-0.9301
43	15953832	6421776	-1.3072
43	15953832	31703	-1.5307
43	11960529	216239	-1.5127
43	216453	60700	-1.5188
43	15953832	126941	-1.4379
43	15953832	11520894	-1.1421
43	15953832	387447	-1.3798
43	15953832	46926350	-1.3774
43	15953832	44424639	-1.3165
43	15953832	36314	-1.4387
43	15953832	60750	-1.5815
43	15953832	104842	-1.2146
43	24958200	216239	-1.4892
43	208908	24748204	-1.1944
43	208908	5288382	-1.2649
43	208908	3062316	-1.2786
43	24958200	11960529	-0.9084
43	5746	9826528	-1.2246
43	216453	6421776	-1.2586
43	5746	11520894	-1.226
43	176870	6421776	-1.2583
43	24964624	6421776	-1.2878
43	176870	9826528	-1.1403
43	5746	46926350	-1.4606
43	11960529	16224745	-1.0804
43	5746	387447	-1.4318
43	208908	60700	-1.4793
43	24958200	176870	-1.0502
43	176870	46926350	-1.386
43	176870	387447	-1.3704
43	216453	387447	-1.3935
43	24964624	9826528	-1.208
43	176870	11520894	-1.1727
43	216453	9826528	-1.1812
43	216453	46926350	-1.3988
43	24958200	16224745	-1.0689
43	176870	104842	-1.2351
43	24964624	46926350	-1.3821
43	11960529	5288382	-1.2785
43	216453	104842	-1.2769
43	216453	60750	-1.637
43	216453	44424639	-1.3305
43	24958200	5288382	-1.2656
43	11960529	60700	-1.441
43	24964624	387447	-1.3857
43	24958200	24964624	-1.1351
43	208908	387447	-1.374
43	208908	6421776	-1.2697
43	24964624	11520894	-1.1939
43	208908	46926350	-1.3809
43	24964624	104842	-1.2304
43	24958200	3062316	-1.286
43	11960529	6421776	-1.2266
43	208908	11520894	-1.0599
43	38904	216239	-1.5353
43	24958200	60700	-1.5403
43	208908	9826528	-1.2083
43	11960529	11520894	-1.037
43	6857599	16224745	-1.2449
43	24958200	6421776	-1.2352
43	11960529	46926350	-1.3957
43	24958200	9826528	-1.06
43	4091	5394	-1.1291
43	208908	104842	-1.2035
43	11960529	104842	-1.2291
43	6857599	46926350	-1.3956
43	38904	24958200	-1.0188
43	38904	11960529	-1.0301
43	24958200	46926350	-1.3791
43	24958200	387447	-1.3919
43	38904	208908	-1.0877
43	4091	216239	-1.6226
43	38904	5329102	-1.4908
43	24958200	11520894	-1.165
43	4091	11960529	-0.9787
43	38904	216453	-1.1266
43	38904	24964624	-1.1474
43	38904	6421776	-1.2972
43	38904	5311	-1.3752
43	4091	387447	-1.3866
43	38904	3062316	-1.3997
43	4091	216453	-1.0885
43	38904	24748204	-1.2945
43	38904	5288382	-1.3159
43	4091	24958200	-1.0097
43	38904	9826528	-1.1011
43	38904	24856436	-1.3502
43	4091	5329102	-1.5162
43	38904	46926350	-1.4069
43	38904	387447	-1.4272
43	38904	11520894	-1.1579
43	4091	16224745	-1.1547
43	4091	176870	-1.148
43	4091	208908	-1.0742
43	4091	5311	-1.4019
43	4091	24964624	-1.1023
43	4091	24748204	-1.3053
43	4091	3062316	-1.4045
43	4091	5288382	-1.3332
43	4091	24856436	-1.3418
43	4091	6421776	-1.2767
43	4091	46926350	-1.4529
43	4091	9826528	-1.125
43	4091	11520894	-1.1085
43	2907	5394	-1.2138
43	2907	24958200	-1.0253
43	2907	11960529	-1.0207
43	2907	216239	-1.6618
43	2907	5288382	-1.3691
43	2907	216453	-1.1426
43	2907	208908	-1.0672
43	2907	5329102	-1.5406
43	2907	176870	-1.195
43	2907	16224745	-1.2107
43	2907	5311	-1.4765
43	2907	6421776	-1.3135
43	2907	24964624	-1.1603
43	2907	24748204	-1.4056
43	2907	9826528	-1.1542
43	2907	387447	-1.4487
43	2907	24856436	-1.3842
43	5743	9826528	-1.1087
43	2907	46926350	-1.4934
43	5743	6421776	-1.3013
43	2907	11520894	-1.1824
43	5743	208908	-1.1215
43	59691338	387447	-1.523
43	5743	11520894	-1.1602
43	5743	176870	-1.1902
43	59691338	24964624	-1.1427
43	5743	11960529	-1.0591
43	59691338	3385	-1.3171
43	59691338	13342	-1.2574
43	5743	24748204	-1.3714
43	59691338	5743	-1.0408
43	5743	16224745	-1.2453
43	5743	24958200	-1.077
43	59691338	24958200	-1.0822
43	5743	5288382	-1.4239
43	5743	24856436	-1.4029
43	59691338	4091	-1.0319
43	59691338	126941	-1.6608
43	5743	387447	-1.4928
43	5743	46926350	-1.5105
43	5743	5394	-1.276
43	5743	216239	-1.7198
43	5743	216453	-1.2018
43	5743	3062316	-1.3956
43	5743	24964624	-1.1816
43	5743	5329102	-1.5622
43	5743	5311	-1.444
43	59691338	46926350	-1.5218
43	59691338	5394	-1.2975
43	59691338	5746	-1.3013
43	59691338	36314	-1.5332
43	59691338	38904	-1.1305
43	59691338	60750	-1.7692
43	59691338	2907	-1.0468
43	59691338	60700	-1.6909
43	59691338	5329102	-1.5967
43	59691338	216453	-1.2574
43	59691338	24748204	-1.4012
43	59691338	104842	-1.2758
43	59691338	16224745	-1.2487
43	59691338	44424639	-1.4022
43	59691338	3062316	-1.4697
43	59691338	5288382	-1.4441
43	59691338	15953832	-1.3618
43	59691338	36462	-1.5261
43	59691338	9826528	-1.2679
43	59691338	216239	-1.7275
43	59691338	24856436	-1.4403
43	59691338	5311	-1.5153
43	59691338	31703	-1.7736
43	59691338	11520894	-1.2116
