CELL_ID	PUB_IDA	PUB_IDB	SCORE_BLISS
28	13342	208908	-0.3219
28	13342	16224745	-0.5192
28	36462	5329102	-0.5879
28	24748204	16224745	-1.0893
28	15953832	208908	-1.0835
28	208908	16224745	-1.2932
28	15953832	5311	-1.192
28	59691338	24748204	-1.13
28	36462	11960529	-0.5731
28	5743	176870	-1.1463
28	387447	11960529	-0.091
28	387447	3062316	-0.1021
28	387447	216239	-0.1474
28	387447	6857599	-0.2242
28	126941	11960529	-0.2181
28	126941	5394	-0.172
28	387447	5288382	-0.1931
28	387447	16224745	-0.175
28	73389731	11364421	-0.523
28	126941	24958200	-0.2557
28	387447	60700	-0.3171
28	126941	5311	-0.2312
28	126941	5329102	-0.1887
28	36314	208908	-0.3365
28	387447	6421776	-0.3367
28	31703	216239	-0.3148
28	126941	16224745	-0.3132
28	60700	216239	-0.3523
28	31703	216453	-0.2781
28	31703	24748204	-0.3222
28	126941	176870	-0.3237
28	126941	208908	-0.2728
28	126941	24964624	-0.2823
28	126941	216239	-0.3664
28	31703	5311	-0.3782
28	126941	216453	-0.2382
28	31703	5394	-0.223
28	126941	24856436	-0.3438
28	60700	16224745	-0.3681
28	31703	5329102	-0.2876
28	126941	24748204	-0.2402
28	36314	24748204	-0.3802
28	31703	11960529	-0.2867
28	126941	3062316	-0.305
28	31703	208908	-0.3048
28	31703	176870	-0.3476
28	31703	24958200	-0.2941
28	13342	5394	-0.2787
28	31703	16224745	-0.4431
28	31703	24964624	-0.35
28	5746	216239	-0.2232
28	44424639	24964624	-0.3853
28	36314	5394	-0.3097
28	46926350	16224745	-0.4084
28	36314	24964624	-0.3625
28	44424639	216239	-0.4755
28	126941	5288382	-0.3564
28	36314	3062316	-0.4139
28	31703	24856436	-0.4319
28	44424639	11960529	-0.3904
28	31703	3062316	-0.3853
28	60750	11960529	-0.3709
28	31703	5288382	-0.4004
28	36314	176870	-0.3799
28	60750	5288382	-0.4665
28	36314	5329102	-0.4203
28	36314	24958200	-0.4213
28	5746	11960529	-0.3912
28	36314	16224745	-0.4427
28	44424639	5394	-0.3167
28	60750	5394	-0.3854
28	36314	216239	-0.4756
28	60750	3062316	-0.4703
28	5746	5329102	-0.4288
28	5746	216453	-0.3425
28	36314	5288382	-0.4722
28	36314	5311	-0.4058
28	44424639	24856436	-0.4152
28	44424639	5329102	-0.4451
28	5746	5394	-0.3797
28	36314	216453	-0.422
28	60750	24964624	-0.4631
28	60750	216239	-0.5214
28	44424639	5311	-0.4017
28	5746	24958200	-0.4316
28	5746	5311	-0.4906
28	60750	24958200	-0.4514
28	6857599	216239	-0.4868
28	60750	24748204	-0.4139
28	5746	208908	-0.449
28	387447	46926350	-0.5826
28	60750	208908	-0.3782
28	44424639	5288382	-0.4836
28	36314	24856436	-0.4106
28	60750	5329102	-0.5052
28	5746	16224745	-0.5841
28	60750	176870	-0.4741
28	5746	176870	-0.3457
28	44424639	208908	-0.3274
28	60750	24856436	-0.6358
28	44424639	3062316	-0.3907
28	36314	11960529	-0.3468
28	5746	24748204	-0.4133
28	13342	3062316	-0.3952
28	36462	5394	-0.3946
28	60750	16224745	-0.6689
28	5746	24964624	-0.4948
28	104842	216239	-0.5451
28	60750	6421776	-0.5939
28	13342	11960529	-0.3205
28	44424639	24748204	-0.3512
28	13342	5288382	-0.5204
28	44424639	16224745	-0.4878
28	13342	5311	-0.4281
28	36462	216239	-0.5609
28	13342	24964624	-0.3744
28	6421776	216239	-0.6266
28	60700	6421776	-0.6612
28	13342	216453	-0.5665
28	44424639	176870	-0.4548
28	44424639	24958200	-0.4588
28	5746	3062316	-0.5185
28	31703	6421776	-0.6175
28	5746	5288382	-0.5517
28	126941	6421776	-0.5369
28	5746	24856436	-0.5951
28	13342	24748204	-0.4445
28	13342	24856436	-0.47
28	36314	6421776	-0.6076
28	13342	5329102	-0.4932
28	104842	16224745	-0.5255
28	6421776	6857599	-0.6212
28	13342	176870	-0.4804
28	13342	216239	-0.5684
28	60750	9826528	-0.5906
28	24856436	216239	-0.6712
28	24748204	216239	-0.5273
28	5329102	216239	-0.6562
28	6421776	16224745	-0.6611
28	13342	24958200	-0.5286
28	31703	9826528	-0.6423
28	5329102	5394	-0.4156
28	44424639	6421776	-0.6834
28	5288382	6857599	-0.6542
28	60750	46926350	-0.6775
28	126941	9826528	-0.6909
28	5288382	216239	-0.5642
28	24856436	6857599	-0.6914
28	104842	46926350	-0.6687
28	38904	5394	-0.5256
28	5746	6421776	-0.7636
28	60750	387447	-0.8781
28	24958200	216239	-0.708
28	5311	5394	-0.4444
28	24856436	11960529	-0.5345
28	36462	24958200	-0.6879
28	31703	46926350	-0.8347
28	44424639	9826528	-0.6277
28	36314	9826528	-0.6335
28	38904	216239	-0.7035
28	60700	46926350	-0.8981
28	3385	5394	-0.5692
28	3385	216239	-0.7619
28	13342	6421776	-0.8
28	5311	216239	-0.6913
28	36462	5311	-0.7251
28	31703	387447	-0.9709
28	5746	9826528	-0.773
28	36462	208908	-0.6979
28	24958200	6857599	-0.7216
28	24958200	11960529	-0.6235
28	387447	11520894	-0.8381
28	126941	46926350	-0.9401
28	36462	16224745	-0.8148
28	36462	176870	-0.7688
28	24856436	24958200	-0.7832
28	60750	11520894	-0.8545
28	126941	387447	-1.0283
28	176870	216239	-0.8051
28	36462	24748204	-0.7397
28	6857599	16224745	-0.8606
28	36462	24964624	-0.7822
28	387447	104842	-0.9952
28	5288382	16224745	-0.7982
28	36314	46926350	-0.8613
28	216453	216239	-0.7791
28	5746	46926350	-0.9558
28	31703	11520894	-0.9168
28	5329102	6857599	-0.7443
28	5311	6857599	-0.8717
28	24748204	6857599	-0.7555
28	5746	387447	-1.0688
28	44424639	46926350	-0.856
28	36462	3062316	-0.7687
28	36314	387447	-1.0076
28	216453	5394	-0.6357
28	44424639	387447	-1.0183
28	36462	5288382	-0.8859
28	24856436	24748204	-0.7262
28	24856436	176870	-0.7738
28	208908	216239	-0.8377
28	3385	11960529	-0.7474
28	24748204	11960529	-0.7394
28	176870	6857599	-0.8387
28	24856436	208908	-0.6986
28	24958200	16224745	-0.9322
28	5311	11960529	-0.7611
28	126941	11520894	-0.9064
28	24856436	16224745	-1.0454
28	24958200	176870	-0.8334
28	38904	11960529	-0.8576
28	5329102	11960529	-0.7899
28	24958200	24964624	-0.8325
28	3385	5329102	-0.8477
28	6421776	46926350	-1.0168
28	24856436	24964624	-0.7725
28	216453	6857599	-0.9009
28	11520894	216239	-0.9539
28	5746	11520894	-1.0016
28	13342	9826528	-0.7371
28	3385	24958200	-0.856
28	36462	24856436	-0.9569
28	11520894	5288382	-0.8983
28	24958200	3062316	-0.8751
28	3385	216453	-0.8566
28	5329102	24958200	-0.8838
28	38904	24958200	-0.9613
28	24856436	3062316	-0.9063
28	24964624	216239	-0.9694
28	5311	5329102	-0.8828
28	38904	5329102	-0.9503
28	24958200	5288382	-0.9592
28	11520894	6857599	-0.9529
28	5288382	60700	-1.091
28	3385	208908	-0.8272
28	11520894	16224745	-0.9513
28	38904	216453	-0.9432
28	216453	11960529	-0.8007
28	11520894	60700	-1.1292
28	5311	24958200	-0.9501
28	11520894	6421776	-0.9863
28	38904	208908	-0.9204
28	11520894	46926350	-0.9813
28	176870	11960529	-0.7704
28	24856436	5288382	-0.9493
28	216453	5329102	-0.9447
28	24958200	60700	-1.1543
28	36314	11520894	-0.9516
28	3385	5311	-0.9122
28	6857599	46926350	-1.0974
28	38904	176870	-0.9862
28	36462	6421776	-1.0618
28	3385	16224745	-1.1223
28	208908	6857599	-0.9636
28	3385	24964624	-0.8909
28	24748204	24958200	-0.9702
28	3385	176870	-0.933
28	13342	46926350	-0.9811
28	216453	24958200	-1.0076
28	5329102	208908	-0.9014
28	38904	24748204	-0.9837
28	44424639	11520894	-0.953
28	38904	24964624	-1.0004
28	3385	24748204	-0.8839
28	38904	5311	-0.9958
28	3385	3062316	-0.9205
28	6421776	104842	-1.0752
28	36462	9826528	-1.0099
28	38904	16224745	-1.1075
28	38904	3062316	-1.0057
28	24856436	60700	-1.1993
28	5329102	176870	-0.9805
28	13342	387447	-1.1804
28	24958200	6421776	-1.0813
28	5311	208908	-0.8476
28	5329102	16224745	-1.0731
28	5329102	24964624	-0.9987
28	5288382	6421776	-1.1136
28	3385	5288382	-1.0152
28	216453	208908	-0.9227
28	24964624	6857599	-1.0017
28	5329102	24748204	-0.9502
28	11520894	104842	-0.9853
28	5311	176870	-0.9697
28	216453	16224745	-1.0642
28	216453	5311	-0.9829
28	38904	5288382	-1.0889
28	24958200	9826528	-1.0245
28	216453	176870	-0.9727
28	5329102	3062316	-1.0511
28	38904	9826528	-1.0473
28	5311	24964624	-0.9579
28	5311	16224745	-1.0815
28	36462	387447	-1.301
28	216453	24964624	-0.9463
28	36462	46926350	-1.1697
28	216453	36462	-1.0894
28	216239	16224745	-1.1958
28	176870	16224745	-1.0327
28	38904	24856436	-1.1358
28	36462	11520894	-1.1223
28	24958200	46926350	-1.1552
28	216239	46926350	-1.2197
28	24964624	11960529	-0.8745
28	24958200	387447	-1.3253
28	38904	11520894	-1.1238
28	24958200	11520894	-1.0756
28	38904	46926350	-1.1891
28	38904	6421776	-1.21
28	9826528	3062316	-0.8775
28	216453	3062316	-1.0141
28	24748204	176870	-0.9456
28	216453	24748204	-0.9876
28	5329102	5288382	-1.1429
28	38904	387447	-1.3324
28	3385	24856436	-1.1512
28	24958200	104842	-1.1638
28	3385	9826528	-1.0133
28	3062316	216239	-1.1284
28	176870	3062316	-0.9718
28	5311	24748204	-0.9477
28	9826528	5288382	-1.0646
28	9826528	216239	-1.1005
28	5311	3062316	-0.932
28	216453	5288382	-1.148
28	9826528	11960529	-0.8938
28	3385	6421776	-1.1798
28	24856436	6421776	-1.2296
28	3062316	6857599	-1.0713
28	3385	46926350	-1.2079
28	9826528	16224745	-1.0984
28	9826528	60700	-1.3134
28	9826528	6857599	-1.1333
28	3062316	11960529	-0.9106
28	5329102	60700	-1.272
28	13342	11520894	-1.0747
28	3385	387447	-1.3251
28	5311	5288382	-1.1451
28	5288382	104842	-1.1829
28	3385	11520894	-1.093
28	9826528	6421776	-1.1708
28	176870	5288382	-1.1365
28	5329102	9826528	-1.098
28	216453	60700	-1.3873
28	5288382	46926350	-1.2656
28	208908	24958200	-1.1242
28	5329102	24856436	-1.1301
28	24748204	24964624	-0.9525
28	208908	11960529	-0.9092
28	5329102	6421776	-1.2815
28	5329102	11520894	-1.1586
28	5329102	104842	-1.1632
28	5329102	46926350	-1.2798
28	5329102	387447	-1.3599
28	24748204	3062316	-1.017
28	11960529	216239	-1.1198
28	3062316	16224745	-1.1719
28	24964624	16224745	-1.1489
28	216453	24856436	-1.1781
28	24964624	176870	-1.0423
28	176870	60700	-1.4093
28	216453	6421776	-1.3089
28	9826528	46926350	-1.1864
28	5311	60700	-1.3951
28	216453	9826528	-1.0888
28	9826528	387447	-1.3041
28	24856436	9826528	-1.0952
28	5311	9826528	-1.1222
28	216453	46926350	-1.2708
28	216453	387447	-1.3452
28	216453	44424639	-1.2455
28	216453	11520894	-1.2267
28	216453	60750	-1.2982
28	216453	104842	-1.2275
28	24964624	3062316	-1.0818
28	3062316	5288382	-1.1442
28	5311	24856436	-1.164
28	176870	9826528	-1.0676
28	176870	6421776	-1.3017
28	3062316	60700	-1.3664
28	24964624	5288382	-1.1756
28	5311	11520894	-1.1601
28	5311	6421776	-1.3036
28	24856436	11520894	-1.1917
28	24856436	46926350	-1.2676
28	24856436	387447	-1.3868
28	11960529	6857599	-1.2164
28	24856436	104842	-1.2248
28	15953832	4091	-0.9083
28	176870	387447	-1.3804
28	5311	387447	-1.4152
28	5311	46926350	-1.2497
28	5311	60750	-1.3741
28	5311	104842	-1.1907
28	176870	46926350	-1.2498
28	176870	11520894	-1.1767
28	176870	104842	-1.2646
28	24964624	60700	-1.4571
28	9826528	11520894	-1.1322
28	24748204	5288382	-1.2097
28	3062316	6421776	-1.3163
28	9826528	104842	-1.1858
28	15953832	5394	-0.9766
28	24964624	6421776	-1.3459
28	15953832	216239	-1.2589
28	24964624	387447	-1.3803
28	24964624	9826528	-1.0798
28	24964624	46926350	-1.3354
28	24964624	11520894	-1.2103
28	24964624	104842	-1.3023
28	3062316	46926350	-1.3051
28	15953832	38904	-1.2593
28	3062316	104842	-1.2909
28	3062316	11520894	-1.2364
28	15953832	2907	-0.9311
28	11960529	16224745	-1.2734
28	15953832	6857599	-1.1964
28	24748204	60700	-1.5599
28	15953832	5743	-0.9615
28	24748204	387447	-1.4514
28	208908	176870	-1.0816
28	11960529	5288382	-1.2925
28	24748204	46926350	-1.317
28	24748204	104842	-1.2783
28	24748204	11520894	-1.2031
28	24748204	6421776	-1.3833
28	24748204	9826528	-1.1261
28	11960529	60700	-1.5052
28	11960529	6421776	-1.3856
28	11960529	104842	-1.3275
28	11960529	11520894	-1.1704
28	11960529	46926350	-1.3437
28	15953832	3385	-1.2128
28	15953832	11960529	-1.047
28	15953832	24958200	-1.3088
28	208908	24964624	-1.129
28	15953832	36314	-1.3324
28	15953832	5329102	-1.2631
28	2907	216239	-1.2847
28	15953832	216453	-1.2034
28	15953832	176870	-1.176
28	15953832	24748204	-1.0818
28	208908	3062316	-1.126
28	208908	24748204	-1.1051
28	15953832	36462	-1.3481
28	15953832	24964624	-1.1559
28	15953832	16224745	-1.3135
28	15953832	46926350	-1.3196
28	208908	5288382	-1.3205
28	208908	387447	-1.4638
28	15953832	44424639	-1.2753
28	208908	46926350	-1.366
28	5394	216239	-1.3316
28	208908	60700	-1.535
28	208908	11520894	-1.2031
28	208908	6421776	-1.3691
28	208908	104842	-1.3281
28	208908	9826528	-1.139
28	5394	176870	-1.1465
28	15953832	13342	-1.3138
28	5394	387447	-1.4556
28	5394	46926350	-1.3389
28	15953832	387447	-1.4647
28	15953832	3062316	-1.191
28	15953832	5288382	-1.272
28	15953832	9826528	-1.144
28	5394	6857599	-1.3147
28	5394	5288382	-1.2753
28	5394	11960529	-1.2536
28	5394	24748204	-1.11
28	5394	16224745	-1.333
28	5394	6421776	-1.3903
28	5394	11520894	-1.1964
28	5394	24958200	-1.4544
28	5394	3062316	-1.0755
28	5394	24964624	-1.1578
28	5394	60700	-1.5479
28	5394	24856436	-1.2448
28	5394	208908	-1.1223
28	5394	104842	-1.2593
28	15953832	5746	-1.4375
28	15953832	104842	-1.3141
28	15953832	24856436	-1.2119
28	15953832	31703	-1.4179
28	15953832	60750	-1.4491
28	15953832	126941	-1.4987
28	15953832	11520894	-1.2297
28	15953832	6421776	-1.4352
28	15953832	60700	-1.6023
28	2907	46926350	-1.3353
28	5743	216239	-1.2985
28	4091	5288382	-1.2793
28	59691338	4091	-0.9885
28	2907	16224745	-1.2897
28	59691338	216239	-1.309
28	5743	387447	-1.4839
28	59691338	5743	-0.9836
28	2907	5311	-1.1906
28	59691338	387447	-1.4874
28	59691338	2907	-0.9931
28	4091	5311	-1.2032
28	4091	5394	-1.0379
28	5743	24748204	-1.0707
28	5743	208908	-0.996
28	5743	5288382	-1.3088
28	4091	24964624	-1.1372
28	5743	5394	-1.0373
28	59691338	5394	-1.0702
28	59691338	176870	-1.1776
28	4091	208908	-1.1088
28	5743	16224745	-1.3214
28	2907	387447	-1.483
28	2907	24856436	-1.1969
28	5743	5311	-1.1821
28	5743	24964624	-1.1142
28	59691338	15953832	-1.055
28	59691338	5311	-1.2216
28	5743	24856436	-1.184
28	4091	24748204	-1.0923
28	5743	46926350	-1.3598
28	2907	11960529	-1.1145
28	4091	387447	-1.4708
28	2907	9826528	-1.0946
28	59691338	208908	-1.0762
28	2907	5288382	-1.3178
28	2907	5394	-1.0175
28	4091	11960529	-1.0994
28	2907	208908	-1.0424
28	5743	3062316	-1.0855
28	2907	24748204	-1.1037
28	59691338	16224745	-1.3514
28	2907	3062316	-1.1375
28	59691338	13342	-1.1814
28	59691338	44424639	-1.3068
28	59691338	24856436	-1.2187
28	59691338	46926350	-1.3949
28	2907	24964624	-1.1267
28	4091	5329102	-1.2937
28	59691338	6421776	-1.4419
28	59691338	9826528	-1.13
28	5743	6421776	-1.4045
28	59691338	3062316	-1.1235
28	4091	11520894	-1.2027
28	2907	5329102	-1.2597
28	59691338	5288382	-1.3292
28	4091	46926350	-1.3675
28	59691338	5746	-1.496
28	59691338	38904	-1.3407
28	59691338	11520894	-1.1779
28	5743	24958200	-1.3078
28	59691338	36462	-1.3603
28	4091	9826528	-1.0833
28	2907	11520894	-1.2156
28	5743	216453	-1.2411
28	59691338	31703	-1.5339
28	59691338	6857599	-1.3772
28	4091	216453	-1.247
28	59691338	60700	-1.6128
28	4091	16224745	-1.3246
28	5743	11960529	-1.1005
28	4091	6421776	-1.408
28	59691338	24958200	-1.3731
28	59691338	5329102	-1.3217
28	5743	5329102	-1.2887
28	59691338	60750	-1.4321
28	4091	176870	-1.2035
28	2907	6421776	-1.4298
28	59691338	24964624	-1.1493
28	59691338	104842	-1.2888
28	5743	11520894	-1.1899
28	59691338	3385	-1.2833
28	4091	24958200	-1.3308
28	2907	176870	-1.1572
28	59691338	126941	-1.4866
28	4091	3062316	-1.2064
28	59691338	216453	-1.2592
28	5743	9826528	-1.1105
28	2907	24958200	-1.3435
28	59691338	36314	-1.3427
28	2907	216453	-1.2672
28	59691338	11960529	-1.1336
28	4091	24856436	-1.2224
28	36314	216345	-0.8699
28	176870	11364421	-0.9548
28	6442177	44607530	-0.9785
28	6442177	16720766	-0.8495
28	24776445	4091	-0.9795
28	36314	10184653	-1.0203
28	25102847	44631903	-0.8602
28	24776445	3218	-0.9877
28	36314	44631903	-0.8579
28	11626560	11488320	-1.017
28	25102847	5746	-0.8834
28	6442177	1401	-0.9232
28	6442177	5284616	-0.8156
28	25102847	159324	-0.9826
28	176870	10461815	-0.9657
28	24776445	8515	-1.0151
28	25102847	44424639	-0.9362
28	36314	176167	-1.0284
28	11626560	135418940	-0.8903
28	36314	216239	-0.8704
28	11626560	392622	-0.9904
28	176870	4470790	-0.8628
28	24776445	49806720	-1.0158
28	11626560	446556	-0.8689
28	24776445	9910224	-1.125
28	176870	451668	-0.8575
28	6442177	3062316	-0.8352
28	11626560	16725726	-0.9934
28	25102847	448014	-0.9569
28	176870	11178236	-0.9808
28	6442177	5328940	-0.9983
28	24776445	11152667	-0.6401
28	36314	448014	-0.9343
28	36314	78358496	-0.9144
28	11626560	148124	-0.8161
28	25102847	9887712	-0.8814
28	36314	9571836	-0.8662
28	24776445	11626560	-1.1256
28	176870	5566	-0.962
28	24776445	11612883	-1.1311
28	11626560	24785538	-0.9554
28	25102847	135398510	-0.8183
28	11626560	54454	-0.9183
28	25102847	10184653	-0.9757
28	36314	3652	-1.0626
28	176870	51039095	-1.0598
28	6442177	5494449	-1.001
28	6442177	11364421	-0.9487
28	24776445	451668	-0.8885
28	36314	44424639	-0.994
28	11626560	6918289	-0.9
28	25102847	24775005	-0.7641
28	24776445	56972186	-1.0104
28	36314	24775005	-0.7639
28	11626560	44424639	-0.9019
28	25102847	148124	-0.8821
28	176870	60750	-0.9029
28	6442177	5291	-0.9438
28	36314	60750	-0.8754
28	25102847	392622	-1.023
28	24776445	4470790	-1.0919
28	176870	25023738	-1.0061
28	6442177	2724385	-0.9025
28	36314	5282054	-1.0295
28	25102847	421610	-0.643
28	36314	24776445	-0.8948
28	24776445	24771867	-0.6393
28	11626560	60750	-0.8463
28	24776445	5566	-0.9468
28	6442177	3218	-0.9246
28	176870	44607530	-0.9171
28	24776445	77999	-1.2278
28	11626560	9887712	-0.895
28	25102847	78358496	-0.7372
28	176870	5081913	-0.8985
28	6442177	11178236	-0.9227
28	24776445	104842	-0.9157
28	36314	11382492	-1.0117
28	176870	1401	-0.9811
28	36314	3387354	-0.9318
28	11626560	135398510	-0.7988
28	25102847	216239	-0.8949
28	176870	104842	-0.9577
28	6442177	392622	-1.0434
28	6442177	5311	-0.9285
28	176870	300471	-0.9396
28	176870	24964624	-1.0439
28	6442177	36314	-1.0511
28	36314	4091	-0.7945
28	25102847	6918289	-0.9315
28	36314	9938202	-0.9702
28	36314	104842	-0.9379
28	11626560	9836739	-0.9382
28	25102847	1069686	-0.9684
28	176870	3218	-0.8244
28	11626560	6857599	-0.8654
28	24776445	44607530	-1.123
28	6442177	285033	-0.8821
28	6442177	38904	-0.9346
28	36314	3062316	-0.8493
28	11626560	421610	-0.6318
28	25102847	10126593	-0.9457
28	176870	3854666	-0.9796
28	6442177	25023738	-0.9759
28	24776445	11556711	-0.8421
28	36314	10126593	-0.8387
28	36314	16720766	-0.877
28	11626560	4261	-0.8739
28	11626560	3062316	-0.7946
28	25102847	969516	-0.8996
28	36314	11494412	-1.0348
28	24776445	1080352	-0.8376
28	176870	5494449	-1.0194
28	24776445	1401	-1.0536
28	11626560	5353431	-0.8857
28	25102847	11382492	-0.9983
28	36314	64143	-1.0124
28	176870	17755052	-1.0047
28	6442177	2520	-0.8911
28	6442177	5081913	-0.8849
28	24776445	6421776	-0.7955
28	36314	24978538	-0.8485
28	11626560	6256	-0.8346
28	25102847	23661637	-0.8983
28	24776445	64139	-1.0879
28	36314	23661637	-0.8823
28	11626560	10184653	-0.9534
28	25102847	208908	-0.9075
28	24776445	24785538	-1.0032
28	11626560	60700	-0.8255
28	25102847	3062316	-0.8495
28	5394	9826528	-1.1085
28	176870	3385	-0.9372
28	6442177	4261	-0.895
28	6442177	3385	-0.9136
28	36314	3385	-0.836
28	25102847	9836739	-1.0488
28	11626560	1069686	-0.8947
28	25102847	5328940	-1.0265
28	176870	60823	-0.9884
28	6442177	25062766	-0.9226
28	24776445	11488320	-1.0875
28	36314	5328940	-1.0282
28	11626560	16681698	-0.7884
28	25102847	176167	-0.9077
28	36314	42611257	-0.9447
28	176870	56972186	-0.9653
28	24776445	46907787	-0.9483
28	11626560	36462	-0.9563
28	24776445	5494449	-0.9719
28	6442177	64139	-0.87
28	176870	2520	-0.9268
28	24776445	392622	-1.1636
28	11626560	969516	-0.9096
28	25102847	16720766	-0.7603
28	176870	5287969	-0.9306
28	6442177	3854666	-0.9478
28	24776445	446556	-1.0523
28	36314	11364421	-0.9682
28	36314	49867930	-1.0431
28	11626560	11382492	-0.9726
28	25102847	5284616	-0.8147
28	176870	5284616	-0.8809
28	6442177	9836739	-1.0075
28	6442177	11960529	-1.0356
28	36314	36314	-1.2067
28	25102847	6256	-0.842
28	176870	77999	-0.9937
28	11626560	637858	-0.9504
28	25102847	24978538	-0.8828
28	36314	16065773	-0.9904
28	176870	5311	-0.8807
28	6442177	159324	-1.0421
28	6442177	17755052	-0.9907
28	24776445	457193	-0.9544
28	11626560	2779853	-0.8641
28	25102847	216345	-0.8714
28	176870	285033	-0.9072
28	11626560	44631903	-0.8635
28	25102847	3652	-1.032
28	176870	64139	-0.8871
28	24776445	54454	-0.9943
28	11626560	5746	-0.9606
28	24776445	2520	-1.0707
28	176870	38904	-0.9858
28	6442177	16725726	-0.9664
28	6442177	24856436	-0.8579
28	36314	457193	-0.9782
28	24776445	6918289	-1.0632
28	11626560	176167	-0.9367
28	25102847	11178236	-0.9499
28	176870	11598628	-1.0071
28	6442177	60823	-1.0177
28	24776445	44424639	-0.8866
28	36314	11178236	-1.0047
28	36314	5081913	-0.9658
28	11626560	38904	-0.9245
28	25102847	5282054	-1.0437
28	36314	5452	-0.8586
28	24776445	5288674	-0.8417
28	25102847	135418940	-1.0566
28	176870	159324	-0.9655
28	11626560	448014	-0.9842
28	25102847	11364421	-0.9628
28	36314	1088438	-0.8795
28	176870	3081361	-0.9194
28	6442177	5287969	-0.9201
28	24776445	60750	-0.8672
28	36314	51039095	-0.9273
28	11626560	9571836	-0.8891
28	25102847	5330286	-0.8468
28	176870	4261	-0.8761
28	24776445	9887712	-1.1101
28	36314	5330286	-0.8689
28	11626560	24978538	-0.8494
28	25102847	5291	-1.0083
28	176870	4091	-0.9126
28	6442177	16681698	-0.8201
28	6442177	24964624	-1.0943
28	36314	208908	-0.8759
28	25102847	2779853	-0.8815
28	24776445	285033	-0.7934
28	36314	2724385	-0.9871
28	24776445	10184653	-0.8951
28	36314	25023738	-0.9494
28	36314	3854666	-0.9506
28	11626560	24775005	-0.7661
28	25102847	9938202	-0.9816
28	36314	107985	-0.9589
28	176870	24785538	-1.0986
28	24776445	42642645	-0.8626
28	24776445	159324	-0.9711
28	24776445	9836739	-1.0428
28	11626560	5282054	-1.0143
28	25102847	5081913	-0.8615
28	176870	11626560	-1.0769
28	6442177	11598628	-0.9719
28	24776445	6857599	-0.7216
28	36314	17755052	-0.9295
28	11626560	24776445	-0.9043
28	176870	16681698	-0.7446
28	36314	219104	-1.0556
28	11626560	11364421	-0.9253
28	25102847	36314	-1.0622
28	176870	446556	-0.9872
28	6442177	44631903	-0.9107
28	6442177	5329102	-0.866
28	25102847	9571836	-0.8282
28	176870	392622	-1.0369
28	24776445	4261	-0.8965
28	11626560	78358496	-0.7771
28	25102847	51039095	-0.9906
28	36314	9811606	-0.8448
28	176870	11960529	-1.0664
28	6442177	6918289	-0.8424
28	6442177	3081361	-0.8947
28	24776445	387447	-0.7969
28	11626560	3387354	-0.8675
28	25102847	64143	-0.9684
28	176870	16725726	-1.0173
28	24776445	5353431	-0.8462
28	11626560	216239	-0.9001
28	25102847	38904	-0.9089
28	176870	176870	-1.0335
28	6442177	176870	-0.938
28	36314	176870	-0.9667
28	11626560	3652	-1.0549
28	25102847	25023738	-0.9799
28	176870	49806720	-0.9646
28	11626560	9938202	-0.981
28	25102847	3854666	-0.8962
28	176870	24771867	-0.8512
28	6442177	49806720	-0.9414
28	24776445	60700	-0.7528
28	36314	5287969	-0.972
28	11626560	24856436	-0.8269
28	36314	6419747	-0.936
28	11626560	5081913	-0.8021
28	176870	5329102	-0.7017
28	6442177	3387354	-0.9053
28	6442177	11152667	-0.8537
28	25102847	24776445	-0.8694
28	176870	6918289	-0.9765
28	24776445	16681698	-0.5129
28	11626560	10126593	-0.9094
28	25102847	17755052	-0.9412
28	36314	8515	-0.8949
28	176870	11707110	-0.9243
28	6442177	6256	-0.9467
28	6442177	11626560	-1.0963
28	24776445	36462	-0.9272
28	11626560	11494412	-0.9414
28	25102847	3034010	-0.8714
28	24776445	969516	-1.0111
28	36314	3034010	-0.8685
28	11626560	51039095	-1.0585
28	25102847	3385	-0.822
28	176870	6421776	-0.8921
28	6442177	24775005	-0.7236
28	6442177	4091	-0.8298
28	36314	6421776	-0.9014
28	25102847	3387354	-0.8705
28	24776445	16725726	-1.1458
28	36314	25062766	-0.8861
28	11626560	23661637	-0.8761
28	25102847	16065773	-0.9897
28	36314	9910224	-0.9716
28	176870	9887712	-0.9491
28	24776445	637858	-0.9522
28	11626560	208908	-0.9518
28	6442177	421610	-0.747
28	36314	387447	-0.9714
28	24776445	2779853	-0.8558
28	176870	6256	-0.8726
28	24776445	44631903	-0.9774
28	11626560	5328940	-0.9659
28	25102847	5287969	-0.8684
28	176870	1080352	-0.9414
28	6442177	135418940	-0.9054
28	6442177	24771867	-0.8712
28	24776445	5746	-0.831
28	36314	3081361	-0.9106
28	11626560	42611257	-0.9293
28	25102847	10461815	-0.9363
28	176870	24775005	-0.8236
28	24776445	176167	-1.1236
28	36314	10461815	-0.9347
28	11626560	17755052	-0.9384
28	25102847	24964624	-1.0363
28	176870	6857599	-0.7576
28	6442177	23661637	-0.9239
28	6442177	104842	-0.8928
28	36314	24964624	-1.0371
28	25102847	11494412	-0.9967
28	176870	9836739	-0.9315
28	11626560	16720766	-0.8284
28	25102847	5311	-0.923
28	36314	4470790	-0.9089
28	176870	60700	-0.9074
28	6442177	2779853	-0.9462
28	6442177	11707110	-0.9162
28	11626560	9910224	-0.9625
28	11626560	49867930	-0.9269
28	25102847	1088438	-0.837
28	176870	421610	-0.7348
28	24776445	448014	-0.9901
28	11626560	5284616	-0.7952
28	25102847	24856436	-0.7957
28	6442177	1069686	-0.8916
28	6442177	451668	-0.838
28	36314	148124	-0.9507
28	11626560	16065773	-0.9741
28	25102847	60823	-0.9184
28	6442177	56972186	-0.9679
28	24776445	24978538	-1.0289
28	36314	60823	-0.914
28	36314	11598628	-0.9996
28	11626560	216345	-0.8525
28	11626560	176870	-0.9773
28	25102847	2724385	-0.8812
28	36314	5566	-1.1155
28	24776445	135398510	-0.7069
28	25102847	5329102	-0.7825
28	6442177	49867930	-0.9735
28	6442177	11556711	-0.8933
28	25102847	42611257	-0.9113
28	176870	2779853	-0.9631
28	24776445	24775005	-0.8182
28	11626560	11178236	-0.9082
28	25102847	3081361	-0.8645
28	176870	11152667	-0.876
28	6442177	9571836	-0.8984
28	6442177	1080352	-0.9523
28	24776445	148124	-1.0619
28	11626560	5452	-0.8807
28	25102847	16038120	-0.9563
28	176870	1069686	-0.9175
28	24776445	5282054	-1.1057
28	36314	16038120	-0.8707
28	11626560	5311	-0.8923
28	25102847	176870	-1.0181
28	176870	5291	-0.9914
28	6442177	216345	-0.8963
28	6442177	6421776	-0.8356
28	36314	5291	-0.9175
28	25102847	49867930	-0.8447
28	24776445	421610	-0.8471
28	11626560	5330286	-0.8654
28	25102847	9811606	-0.857
28	36314	44607530	-0.9157
28	176870	969516	-0.9538
28	24776445	78358496	-0.7715
28	11626560	5291	-0.9516
28	24776445	6256	-0.9474
28	6442177	176167	-0.9194
28	176870	135418940	-0.9652
28	36314	24856436	-0.8462
28	24776445	3387354	-1.0234
28	11626560	2724385	-0.8971
28	25102847	11598628	-1.0084
28	176870	46907787	-0.9401
28	24776445	216239	-0.9775
28	36314	11626560	-1.1322
28	176870	23661637	-0.949
28	36314	300471	-1.0698
28	11626560	5287969	-0.8845
28	176870	216345	-0.8789
28	24776445	9938202	-1.2204
28	36314	11612883	-0.9565
28	11626560	3081361	-0.8771
28	25102847	4091	-0.8649
28	6442177	5330286	-0.8739
28	6442177	446556	-0.9874
28	36314	5746	-0.9802
28	25102847	5452	-0.8145
28	176870	44631903	-0.9056
28	24776445	1069686	-0.9586
28	25102847	11960529	-1.0187
28	36314	3218	-0.8479
28	11626560	44607530	-0.8772
28	11626560	219104	-1.0356
28	25102847	8515	-1.0963
28	176870	176167	-0.9429
28	24776445	10126593	-1.012
28	11626560	36314	-0.9741
28	24776445	135418940	-1.17
28	176870	3062316	-0.8331
28	6442177	3652	-0.9537
28	6442177	457193	-0.8935
28	36314	451668	-0.7587
28	11626560	9811606	-0.8768
28	25102847	49806720	-0.9166
28	176870	54454	-0.973
28	6442177	24785538	-0.9776
28	24776445	51039095	-1.1279
28	36314	49806720	-0.8758
28	36314	24771867	-0.7353
28	11626560	64143	-0.9652
28	11626560	451668	-0.8358
28	25102847	25062766	-0.8663
28	36314	5494449	-0.9571
28	24776445	11382492	-0.9594
28	176870	9571836	-0.8406
28	24776445	23661637	-1.1475
28	11626560	25023738	-0.9983
28	25102847	11626560	-1.0824
28	176870	5288674	-0.9502
28	6442177	24776445	-0.9331
28	6442177	46907787	-0.9265
28	24776445	208908	-1.0018
28	36314	11707110	-0.8986
28	11626560	107985	-0.8181
28	25102847	11612883	-0.9915
28	24776445	3062316	-0.8901
28	36314	11960529	-1.0542
28	11626560	6419747	-0.8504
28	176870	3652	-1.0048
28	24776445	5328940	-1.0755
28	4091	216239	-1.3161
28	11626560	11960529	-1.1087
28	25102847	451668	-0.8065
28	6442177	64143	-0.918
28	6442177	60750	-0.8628
28	25102847	219104	-0.9925
28	11626560	8515	-0.9589
28	176870	5353431	-0.9836
28	6442177	9887712	-0.8881
28	36314	56972186	-0.9282
28	11626560	3034010	-0.873
28	25102847	4470790	-0.8333
28	36314	2520	-0.8399
28	176870	5282054	-0.919
28	24776445	16720766	-0.8456
28	11626560	3385	-0.8815
28	24776445	9571836	-0.7821
28	6442177	9938202	-0.9548
28	176870	24776445	-1.0126
28	24776445	49867930	-1.1103
28	11626560	25062766	-0.9293
28	25102847	24771867	-0.7762
28	176870	42642645	-0.9189
28	6442177	54454	-1.0052
28	24776445	5284616	-0.9203
28	36314	1080352	-0.9723
28	176870	5330286	-0.9231
28	36314	77999	-1.0844
28	11626560	11626560	-1.0784
28	25102847	104842	-0.8166
28	6442177	219104	-1.0118
28	6442177	44424639	-0.934
28	36314	446556	-0.9861
28	25102847	107985	-0.8552
28	176870	3387354	-0.9352
28	24776445	216345	-0.9959
28	11626560	3854666	-0.8697
28	25102847	11707110	-0.8957
28	36314	285033	-0.9659
28	176870	11556711	-0.9398
28	6442177	11494412	-0.9982
28	6442177	5288674	-0.8959
28	36314	64139	-0.7649
28	36314	5284616	-0.8431
28	11626560	10461815	-0.9368
28	176870	9938202	-0.9997
28	24776445	11178236	-0.7444
28	11626560	24964624	-0.9846
28	24776445	24776445	-1.1377
28	176870	457193	-0.9265
28	6442177	16065773	-0.902
28	6442177	387447	-0.8774
28	24776445	5452	-1.0217
28	11626560	4470790	-0.8627
28	176870	637858	-0.9584
28	6442177	5353431	-1.0048
28	24776445	5311	-1.0075
28	36314	46907787	-0.9321
28	11626560	1088438	-0.8424
28	11626560	457193	-0.8939
28	36314	159324	-0.9715
28	24776445	11364421	-0.8206
28	25102847	9910224	-0.8997
28	176870	11494412	-0.9966
28	24776445	5330286	-1.0118
28	11626560	60823	-0.8974
28	25102847	1080352	-1.0026
28	36314	4261	-0.7904
28	176870	11488320	-1.1115
28	6442177	42611257	-0.9224
28	6442177	42642645	-0.8998
28	24776445	5291	-1.1109
28	36314	11152667	-0.9014
28	11626560	5566	-0.923
28	25102847	1401	-0.9755
28	176870	64143	-0.9108
28	24776445	2724385	-0.6866
28	36314	1401	-0.9437
28	11626560	11707110	-0.955
28	25102847	6421776	-0.8959
28	176870	5746	-0.9733
28	6442177	3034010	-0.924
28	6442177	6857599	-0.8284
28	25102847	6419747	-0.887
28	24776445	3652	-1.1259
28	36314	36462	-1.0064
28	25102847	24785538	-1.0481
28	176870	448014	-0.9404
28	6442177	969516	-0.9129
28	24776445	3081361	-1.0699
28	36314	24785538	-0.9502
28	11626560	16038120	-0.8933
28	25102847	3218	-0.8976
28	176870	5328940	-1.1378
28	24776445	5081913	-0.7111
28	24776445	11494412	-0.9095
28	176870	42611257	-0.9616
28	24776445	219104	-1.0839
28	25102847	46907787	-0.8876
28	176870	135398510	-0.7963
28	6442177	637858	-0.9478
28	24776445	36314	-1.0184
28	36314	5288674	-1.007
28	176870	3034010	-0.925
28	36314	392622	-1.0728
28	11626560	1080352	-0.8828
28	25102847	446556	-0.8796
28	6442177	10461815	-0.975
28	6442177	60700	-0.8915
28	36314	6857599	-0.8394
28	25102847	5566	-0.9457
28	176870	49867930	-0.9683
28	24776445	64143	-1.0285
28	11626560	11598628	-1.0005
28	25102847	11152667	-0.9401
28	36314	16725726	-0.9307
28	176870	44424639	-0.9866
28	6442177	5452	-0.9426
28	6442177	11488320	-0.9684
28	24776445	38904	-1.0766
28	36314	60700	-0.8932
28	11626560	300471	-0.9312
28	176870	16065773	-0.994
28	24776445	25023738	-1.0395
28	11626560	5329102	-0.7357
28	25102847	457193	-0.8916
28	176870	36462	-0.9729
28	6442177	1088438	-0.9061
28	6442177	36462	-0.9475
28	24776445	42611257	-0.9895
28	176870	387447	-0.9442
28	6442177	9811606	-0.8414
28	36314	38904	-0.8605
28	24776445	6419747	-1.0047
28	11626560	3218	-0.8831
28	25102847	54454	-0.9426
28	176870	78358496	-0.844
28	6442177	448014	-0.9367
28	24776445	11960529	-1.205
28	36314	54454	-1.0027
28	36314	42642645	-0.8329
28	11626560	387447	-0.8373
28	25102847	56972186	-0.9818
28	36314	6918289	-1.0654
28	11626560	46907787	-0.8772
28	24776445	17755052	-0.9753
28	6442177	300471	-0.9982
28	6442177	24978538	-0.8952
28	25102847	44607530	-0.9233
28	176870	5452	-0.9419
28	24776445	3034010	-1.0593
28	11626560	49806720	-0.8518
28	25102847	5288674	-0.9058
28	176870	10184653	-0.9529
28	6442177	107985	-0.8826
28	6442177	135398510	-0.8508
28	24776445	3385	-0.9977
28	36314	11556711	-1.0018
28	11626560	5494449	-0.9087
28	176870	1088438	-0.915
28	24776445	25062766	-0.9664
28	11626560	11152667	-0.8612
28	25102847	60750	-0.8394
28	176870	208908	-0.9515
28	6442177	16038120	-0.9285
28	6442177	5746	-0.9198
28	25102847	300471	-0.977
28	24776445	16065773	-1.1491
28	36314	9887712	-0.8313
28	11626560	11612883	-0.9789
28	25102847	285033	-0.9211
28	176870	2724385	-0.9205
28	24776445	3854666	-0.9591
28	11626560	4091	-0.8887
28	36314	6256	-0.8815
28	24776445	5287969	-0.8231
28	176870	107985	-0.8617
28	24776445	10461815	-1.1573
28	11626560	56972186	-0.9133
28	25102847	42642645	-0.8316
28	176870	11382492	-0.9881
28	6442177	9910224	-0.9583
28	6442177	78358496	-0.792
28	24776445	24964624	-1.135
28	36314	11488320	-0.9147
28	11626560	2520	-0.8691
28	176870	16038120	-0.9619
28	36314	9836739	-0.9492
28	11626560	5288674	-0.9045
28	25102847	6857599	-0.8177
28	176870	36314	-1.1014
28	6442177	11612883	-0.9444
28	6442177	216239	-0.901
28	25102847	5494449	-0.9532
28	176870	219104	-1.0634
28	24776445	1088438	-1.0392
28	11626560	24771867	-0.7443
28	25102847	11556711	-0.9086
28	36314	421610	-0.6297
28	6442177	6419747	-0.8964
28	6442177	10184653	-0.9672
28	24776445	24856436	-0.7717
28	36314	5329102	-0.7317
28	11626560	77999	-0.9664
28	25102847	4261	-0.8284
28	176870	9811606	-0.8843
28	24776445	60823	-1.0475
28	11626560	104842	-0.8492
28	25102847	387447	-0.9002
28	176870	148124	-0.9561
28	6442177	8515	-0.9535
28	6442177	148124	-0.8955
28	11626560	285033	-0.8645
28	25102847	5353431	-0.9368
28	176870	10126593	-0.9433
28	6442177	5282054	-0.9869
28	24776445	11707110	-0.984
28	36314	5353431	-0.9106
28	36314	637858	-1.0766
28	25102847	64139	-0.7635
28	176870	11612883	-1.0268
28	36314	2779853	-0.9063
28	11626560	42642645	-0.8342
28	25102847	60700	-0.8536
28	176870	216239	-0.9503
28	6442177	77999	-1.0203
28	6442177	51039095	-0.9904
28	25102847	2520	-0.8719
28	176870	6419747	-0.7627
28	24776445	16038120	-0.9694
28	25102847	11488320	-0.9994
28	36314	1069686	-0.9763
28	176870	24978538	-0.9588
28	6442177	5566	-1.0125
28	6442177	11382492	-0.9451
28	24776445	176870	-1.0758
28	36314	5311	-0.9259
28	11626560	159324	-0.9521
28	25102847	16681698	-0.8537
28	176870	8515	-0.957
28	36314	16681698	-0.7954
28	11626560	11556711	-0.879
28	25102847	36462	-0.9982
28	6442177	208908	-0.9303
28	25102847	77999	-1.0012
28	24776445	9811606	-1.0212
28	36314	969516	-0.9591
28	11626560	1401	-0.9589
28	25102847	16725726	-0.9851
28	36314	135418940	-0.8946
28	176870	25062766	-0.8746
28	24776445	11598628	-1.0482
28	11626560	6421776	-0.8438
28	24776445	107985	-0.8814
28	176870	24856436	-0.9178
28	6442177	4470790	-0.8696
28	176870	9910224	-0.948
28	24776445	300471	-0.9044
28	11626560	64139	-0.8124
28	25102847	637858	-0.9747
28	176870	16720766	-0.908
28	6442177	10126593	-0.9131
28	24776445	5329102	-0.7858
28	36314	135398510	-0.7209
