CELL_ID	PUB_IDA	PUB_IDB	SCORE_BLISS
60	59691338	5394	-0.9174
60	5394	24964624	-1.1571
60	5394	208908	-1.2109
60	13342	208908	-0.1539
60	13342	24964624	-0.1249
60	36462	11960529	-0.3713
60	5311	11960529	-0.4566
60	5743	24964624	-1.0257
60	208908	176870	-1.1531
60	38904	16224745	-1.4219
60	5394	176870	-1.3334
60	59691338	5311	-1.4197
60	3062316	16224745	-1.3945
60	4091	5311	-1.412
60	24958200	16224745	-1.4132
60	5394	24958200	-1.1841
60	36314	216453	0.5213
60	36314	9826528	0.3073
60	36314	16224745	0.5537
60	36314	3062316	0.0292
60	36314	5288382	0.4996
60	44424639	5394	-0.0995
60	13342	11960529	-0.0432
60	126941	208908	-0.086
60	126941	216453	-0.0526
60	126941	216239	-0.1358
60	36314	5394	0.4932
60	126941	5329102	-0.0492
60	36314	24958200	-0.0961
60	126941	176870	-0.1163
60	126941	11960529	-0.1313
60	126941	5394	-0.0893
60	126941	5311	-0.1189
60	126941	24958200	-0.1143
60	126941	24964624	-0.0971
60	126941	24748204	-0.1522
60	36314	11960529	0.5114
60	126941	3062316	-0.1621
60	126941	24856436	-0.1622
60	36314	216239	-0.2309
60	36314	24856436	-0.1684
60	126941	16224745	-0.1596
60	36314	5329102	-0.1331
60	44424639	3062316	0.0585
60	126941	5288382	-0.2017
60	36314	208908	-0.1428
60	13342	5394	-0.0153
60	31703	5329102	-0.1201
60	31703	5394	-0.1016
60	5288382	6857599	-0.2125
60	31703	24958200	-0.1135
60	44424639	5329102	-0.1503
60	36314	5311	-0.2413
60	36314	24964624	-0.159
60	31703	16224745	-0.2517
60	44424639	216239	-0.2454
60	31703	216453	-0.1591
60	36314	176870	-0.1991
60	44424639	5311	-0.2551
60	44424639	11960529	-0.0823
60	31703	176870	-0.2819
60	31703	216239	-0.1858
60	44424639	5288382	-0.3402
60	31703	24748204	-0.2176
60	44424639	24958200	-0.1096
60	6421776	6857599	-0.255
60	44424639	208908	-0.1225
60	44424639	24856436	-0.1525
60	31703	3062316	-0.0523
60	44424639	176870	-0.2349
60	31703	11960529	-0.0925
60	31703	24964624	-0.2414
60	36314	24748204	-0.2702
60	13342	3062316	0.2101
60	44424639	24748204	-0.2449
60	31703	5311	-0.2718
60	60750	3062316	-0.2711
60	31703	208908	-0.2117
60	44424639	6421776	-0.2961
60	31703	24856436	-0.29
60	36314	6421776	0.5232
60	13342	176870	-0.3787
60	44424639	24964624	-0.1399
60	60750	5329102	-0.2727
60	5288382	216239	-0.3197
60	60750	24958200	-0.2711
60	60750	24964624	-0.3216
60	46926350	16224745	-0.2801
60	387447	216239	-0.3347
60	60750	216239	-0.3106
60	60750	11960529	-0.2808
60	60750	5394	-0.2789
60	60750	24748204	-0.3091
60	126941	6421776	-0.3731
60	13342	24958200	-0.1962
60	60750	5288382	-0.3808
60	6421776	216239	-0.3732
60	60750	176870	-0.3842
60	60750	208908	-0.3212
60	60700	216239	-0.333
60	31703	5288382	-0.3996
60	44424639	16224745	-0.2683
60	60750	6421776	-0.3614
60	387447	16224745	-0.3239
60	36314	387447	0.2411
60	60700	16224745	-0.3747
60	3385	216239	-0.3728
60	5746	216239	-0.046
60	387447	11960529	-0.1041
60	13342	5288382	-0.4724
60	3385	5394	-0.2513
60	387447	60700	-0.4395
60	387447	5288382	-0.4425
60	5288382	16224745	-0.4159
60	13342	5329102	-0.239
60	5746	5394	-0.3086
60	5311	5394	-0.1651
60	13342	24748204	-0.4034
60	387447	3062316	0.1639
60	104842	46926350	-0.4086
60	387447	6857599	-0.2
60	104842	216239	-0.3381
60	13342	216239	-0.4461
60	60750	9826528	-0.4312
60	24748204	216239	-0.2759
60	60750	24856436	-0.3002
60	13342	5311	-0.3677
60	5746	11960529	-0.3984
60	60750	16224745	-0.4388
60	36314	46926350	-0.4866
60	104842	16224745	-0.3482
60	5746	216453	-0.2895
60	5746	5329102	-0.3901
60	44424639	9826528	-0.3902
60	60750	46926350	-0.5051
60	13342	24856436	-0.2493
60	24748204	6857599	-0.2368
60	6421776	16224745	-0.4997
60	5311	216239	-0.3519
60	36462	5394	-0.2484
60	5746	24958200	-0.4033
60	36462	216239	-0.4329
60	126941	9826528	-0.5551
60	13342	216453	-0.4486
60	36462	5329102	-0.3818
60	24748204	11960529	-0.3647
60	60750	387447	-0.5624
60	13342	16224745	-0.3714
60	31703	6421776	-0.5348
60	5311	6857599	-0.4086
60	3385	5329102	-0.4911
60	3385	11960529	-0.5052
60	5746	176870	-0.4376
60	5746	5311	-0.6164
60	5746	16224745	-0.5687
60	176870	216239	-0.472
60	5311	5329102	-0.4485
60	5746	208908	-0.5799
60	387447	6421776	-0.5789
60	3385	24958200	-0.5299
60	5746	24748204	-0.5786
60	36462	24958200	-0.443
60	5746	24964624	-0.5863
60	44424639	46926350	-0.6081
60	5746	3062316	-0.5263
60	176870	6857599	-0.3848
60	126941	46926350	-0.7818
60	5288382	60700	-0.7067
60	3385	216453	-0.59
60	126941	387447	-0.7571
60	60700	6421776	-0.6975
60	31703	9826528	-0.6451
60	24748204	24958200	-0.5014
60	5746	5288382	-0.7737
60	216453	5394	-0.4645
60	44424639	387447	-0.6397
60	60750	11520894	-0.7022
60	13342	6421776	-0.6239
60	9826528	11960529	-0.3507
60	9826528	6857599	-0.4849
60	36314	11520894	-0.6113
60	5746	24856436	-0.7416
60	216453	216239	-0.6359
60	3385	3062316	-0.6389
60	5311	24958200	-0.5423
60	216453	6857599	-0.577
60	36462	16224745	-0.7208
60	36462	5311	-0.6955
60	36462	208908	-0.6504
60	3385	176870	-0.7994
60	216453	5329102	-0.6354
60	9826528	216239	-0.804
60	3385	208908	-0.7382
60	3385	5311	-0.8147
60	9826528	16224745	-0.7141
60	216453	11960529	-0.5755
60	36462	176870	-0.7357
60	3385	16224745	-0.8049
60	5288382	6421776	-0.8607
60	36462	24964624	-0.6961
60	3385	24964624	-0.7743
60	36462	24748204	-0.6974
60	31703	46926350	-0.871
60	176870	11960529	-0.4468
60	24748204	16224745	-0.7582
60	24748204	176870	-0.7067
60	126941	11520894	-0.9047
60	31703	387447	-0.8406
60	5329102	5394	-0.4077
60	24748204	24964624	-0.6517
60	24748204	3062316	-0.3393
60	216453	24958200	-0.6571
60	36462	3062316	-0.4544
60	3385	24748204	-0.8693
60	5746	6421776	-0.9125
60	24964624	216239	-0.8133
60	9826528	3062316	-0.311
60	36462	5288382	-0.9391
60	3385	5288382	-0.9939
60	44424639	11520894	-0.7142
60	31703	11520894	-0.8921
60	5311	208908	-0.7463
60	5311	3062316	-0.5266
60	13342	9826528	-0.6736
60	60700	46926350	-1.0002
60	9826528	5288382	-0.9663
60	216453	208908	-0.7683
60	5311	16224745	-0.9269
60	216453	5311	-0.9176
60	216453	16224745	-0.8645
60	5311	24964624	-0.8319
60	5311	176870	-0.8678
60	216453	176870	-0.8577
60	36462	24856436	-0.8969
60	387447	46926350	-0.8844
60	208908	216239	-0.8803
60	216453	24964624	-0.835
60	9826528	60700	-0.9644
60	216453	3062316	-0.3885
60	216453	36462	-0.873
60	216453	24748204	-0.8993
60	5329102	216239	-0.7652
60	24748204	5288382	-1.0171
60	24964624	6857599	-0.5685
60	5746	9826528	-1.0058
60	3385	24856436	-1.0614
60	5311	24748204	-0.9868
60	176870	16224745	-0.9705
60	216453	5288382	-1.1113
60	13342	46926350	-0.9415
60	5743	5288382	-1.0337
60	208908	6857599	-0.674
60	5743	216239	-0.8703
60	5746	46926350	-1.1447
60	24748204	60700	-1.0637
60	36462	6421776	-1.0171
60	5743	11960529	-0.6042
60	5743	5329102	-0.8342
60	5743	24958200	-0.7178
60	3385	6421776	-1.115
60	5743	216453	-0.7816
60	5743	5394	-0.6363
60	5746	387447	-1.1121
60	5743	5311	-0.8755
60	5329102	6857599	-0.7382
60	5743	16224745	-0.9501
60	5743	24748204	-0.8359
60	5743	176870	-0.9721
60	5743	208908	-0.8342
60	5311	5288382	-1.102
60	5743	24856436	-0.8682
60	5743	3062316	-0.8847
60	216453	60700	-1.1169
60	9826528	6421776	-1.0198
60	3385	9826528	-1.0784
60	5288382	46926350	-1.211
60	3385	11520894	-1.095
60	5288382	104842	-1.1849
60	13342	387447	-1.0086
60	176870	3062316	-0.6822
60	5746	11520894	-1.1301
60	3385	387447	-1.1797
60	5743	6421776	-1.1022
60	3385	46926350	-1.2097
60	24964624	11960529	-0.7014
60	36462	9826528	-1.0754
60	5311	60700	-1.2493
60	216453	24856436	-0.9552
60	176870	5288382	-1.2058
60	216453	6421776	-1.201
60	387447	11520894	-0.9904
60	38904	5394	-0.6599
60	5743	9826528	-1.148
60	36462	11520894	-1.0612
60	5311	24856436	-1.1109
60	24748204	11520894	-1.0303
60	208908	11960529	-0.7182
60	36462	387447	-1.1805
60	36462	46926350	-1.2147
60	24748204	6421776	-1.1496
60	6421776	46926350	-1.2285
60	5743	46926350	-1.1138
60	15953832	4091	-0.7037
60	5743	387447	-1.064
60	176870	60700	-1.3077
60	216453	387447	-1.1628
60	24748204	9826528	-1.0873
60	216453	9826528	-1.1904
60	216453	44424639	-1.2279
60	216453	46926350	-1.2599
60	6857599	216239	-1.0352
60	216453	60750	-1.2824
60	216453	104842	-1.1582
60	5311	9826528	-1.1339
60	5311	6421776	-1.2523
60	24964624	3062316	-0.9572
60	208908	24958200	-0.8706
60	24964624	16224745	-1.1502
60	24748204	104842	-0.568
60	24748204	46926350	-1.2498
60	24748204	387447	-1.2246
60	216239	16224745	-1.2409
60	216453	11520894	-1.1157
60	5329102	24958200	-0.9796
60	24964624	176870	-1.1993
60	5329102	11960529	-0.8995
60	176870	6421776	-1.2791
60	216239	46926350	-1.2716
60	5743	11520894	-1.1362
60	15953832	5394	-0.7549
60	13342	11520894	-0.9427
60	176870	11520894	-1.1146
60	6421776	104842	-1.237
60	5311	387447	-1.2945
60	5311	46926350	-1.2462
60	5311	60750	-1.4358
60	5311	104842	-1.2571
60	5311	11520894	-1.0921
60	387447	104842	-1.2636
60	9826528	46926350	-1.1868
60	9826528	387447	-1.1498
60	208908	3062316	-0.7843
60	176870	9826528	-1.2517
60	176870	387447	-1.2522
60	176870	46926350	-1.3217
60	176870	104842	-1.3085
60	24964624	5288382	-1.377
60	208908	16224745	-1.2588
60	9826528	11520894	-1.0522
60	208908	24964624	-1.1552
60	15953832	38904	-0.9128
60	24856436	3062316	-0.9641
60	24964624	60700	-1.4465
60	15953832	6857599	-0.9254
60	15953832	216239	-1.3
60	59691338	4091	-0.8181
60	208908	24748204	-1.2244
60	24856436	11960529	-1.0523
60	9826528	104842	-1.2413
60	24958200	216239	-1.2349
60	208908	5288382	-1.4793
60	5329102	208908	-1.2386
60	24964624	6421776	-1.3664
60	5329102	176870	-1.3352
60	24856436	6857599	-1.1893
60	24856436	24958200	-1.2919
60	24856436	24964624	-1.2122
60	24856436	5288382	-1.5019
60	24856436	208908	-1.2096
60	24856436	9826528	-1.2538
60	24964624	387447	-1.296
60	24964624	9826528	-1.2714
60	24856436	176870	-1.3392
60	24856436	104842	-0.8004
60	24958200	6857599	-1.0947
60	24856436	46926350	-1.3733
60	24856436	11520894	-1.1416
60	208908	60700	-1.5151
60	24856436	24748204	-1.3399
60	24856436	16224745	-1.5775
60	15953832	11960529	-0.9343
60	24856436	387447	-1.3449
60	24856436	60700	-1.5317
60	24856436	216239	-1.3681
60	24856436	6421776	-1.3908
60	24964624	46926350	-1.3687
60	6857599	16224745	-1.3931
60	38904	3062316	-0.7216
60	24964624	11520894	-1.1594
60	24964624	104842	-1.3384
60	15953832	2907	-0.9254
60	208908	11520894	-1.1295
60	15953832	5743	-0.989
60	6857599	46926350	-1.3629
60	11960529	216239	-1.3799
60	5329102	16224745	-1.3617
60	5329102	24964624	-1.2458
60	15953832	3385	-1.4035
60	208908	6421776	-1.4492
60	15953832	24958200	-1.1068
60	59691338	216239	-1.2561
60	11520894	5288382	-1.5135
60	11960529	6857599	-1.0766
60	59691338	38904	-1.0016
60	11520894	6857599	-1.0322
60	208908	387447	-1.3583
60	208908	46926350	-1.4124
60	208908	9826528	-1.3909
60	208908	104842	-1.3987
60	11520894	16224745	-1.366
60	11520894	216239	-1.3335
60	11520894	6421776	-1.5622
60	11520894	60700	-1.5037
60	15953832	5329102	-1.1605
60	15953832	216453	-1.2692
60	5329102	3062316	-0.9957
60	15953832	3062316	-0.8709
60	5394	3062316	-0.6538
60	24958200	11960529	-0.9754
60	59691338	6857599	-1.0944
60	15953832	176870	-1.3433
60	5329102	11520894	-1.2734
60	15953832	5311	-1.3618
60	15953832	16224745	-1.3744
60	15953832	24748204	-1.2365
60	5329102	24748204	-1.3925
60	15953832	24964624	-1.2066
60	11520894	46926350	-1.3625
60	38904	216239	-1.2697
60	15953832	36462	-1.3548
60	38904	11960529	-1.0995
60	5329102	5288382	-1.5778
60	15953832	208908	-1.2312
60	5329102	46926350	-1.4713
60	5329102	24856436	-1.267
60	5329102	9826528	-1.3374
60	5329102	60700	-1.55
60	5329102	387447	-1.4063
60	5329102	6421776	-1.5322
60	5329102	104842	-1.3874
60	59691338	2907	-0.923
60	38904	11520894	-1.1036
60	59691338	15953832	-1.0216
60	59691338	11960529	-0.9534
60	59691338	5329102	-1.1352
60	15953832	46926350	-1.3454
60	15953832	387447	-1.351
60	38904	24958200	-1.1346
60	15953832	5288382	-1.5469
60	59691338	5743	-1.2369
60	59691338	3385	-1.5579
60	38904	24964624	-1.1492
60	38904	208908	-1.1439
60	38904	5329102	-1.186
60	38904	176870	-1.3074
60	15953832	24856436	-1.2393
60	38904	216453	-1.3596
60	38904	46926350	-1.3773
60	38904	5311	-1.3652
60	38904	24856436	-1.2543
60	38904	5288382	-1.5437
60	38904	24748204	-1.3493
60	38904	9826528	-1.1717
60	38904	387447	-1.3987
60	38904	6421776	-1.4309
60	59691338	24958200	-1.0843
60	15953832	60700	-1.5834
60	15953832	5746	-1.4893
60	3062316	46926350	-1.303
60	11960529	16224745	-1.4212
60	24958200	176870	-1.3409
60	15953832	11520894	-1.0563
60	15953832	36314	-1.5107
60	15953832	6421776	-1.4529
60	15953832	31703	-1.4855
60	24958200	24964624	-1.3688
60	59691338	208908	-1.1341
60	15953832	44424639	-1.4414
60	15953832	126941	-1.7106
60	24958200	3062316	-0.8102
60	59691338	216453	-1.4147
60	15953832	9826528	-1.2621
60	5394	5288382	-1.5633
60	15953832	104842	-1.3544
60	5394	24856436	-1.2902
60	15953832	60750	-1.6036
60	5394	11960529	-1.122
60	5394	24748204	-1.3891
60	5394	216239	-1.392
60	5394	6421776	-1.4278
60	5394	11520894	-1.1426
60	5394	60700	-1.5849
60	5394	104842	-1.3084
60	5394	6857599	-1.1968
60	11520894	104842	-1.3273
60	11960529	5288382	-1.5897
60	3062316	216239	-1.3864
60	24958200	5288382	-1.6053
60	15953832	13342	-1.3755
60	59691338	176870	-1.2901
60	59691338	16224745	-1.4102
60	3062316	11960529	-0.836
60	24958200	60700	-1.6373
60	4091	3062316	-0.6383
60	5394	16224745	-1.4079
60	4091	5394	-1.0415
60	11960529	60700	-1.5318
60	59691338	24964624	-1.2016
60	59691338	36462	-1.455
60	3062316	5288382	-1.5805
60	24958200	6421776	-1.4367
60	24958200	9826528	-1.2731
60	24958200	46926350	-1.4649
60	24958200	11520894	-1.2001
60	24958200	387447	-1.4259
60	11960529	6421776	-1.432
60	11960529	11520894	-1.0889
60	11960529	46926350	-1.4437
60	11960529	104842	-1.4168
60	59691338	5288382	-1.6053
60	59691338	3062316	-0.5462
60	59691338	24748204	-1.4078
60	24958200	104842	-1.324
60	3062316	6421776	-1.374
60	4091	208908	-1.169
60	4091	176870	-1.2922
60	59691338	60700	-1.6408
60	59691338	24856436	-1.201
60	59691338	5746	-1.672
60	4091	24856436	-1.2338
60	4091	5329102	-1.1971
60	3062316	6857599	-0.8662
60	59691338	44424639	-1.4877
60	59691338	6421776	-1.4352
60	59691338	31703	-1.6532
60	59691338	9826528	-1.2362
60	59691338	126941	-1.7767
60	3062316	11520894	-0.9001
60	4091	24964624	-1.1489
60	4091	5288382	-1.5838
60	4091	11520894	-1.0532
60	59691338	13342	-1.2879
60	59691338	387447	-1.4052
60	59691338	46926350	-1.429
60	59691338	36314	-1.5613
60	59691338	60750	-1.691
60	59691338	104842	-1.3755
60	59691338	11520894	-1.0434
60	4091	46926350	-1.4335
60	4091	11960529	-1.0327
60	4091	16224745	-1.4724
60	4091	6421776	-1.446
60	4091	216239	-1.4398
60	4091	24958200	-1.1465
60	4091	216453	-1.4539
60	4091	387447	-1.3552
60	4091	24748204	-1.4283
60	2907	3062316	-0.7331
60	3062316	104842	-1.2662
60	2907	208908	-1.141
60	2907	16224745	-1.474
60	2907	46926350	-1.435
60	2907	176870	-1.3256
60	2907	5288382	-1.6578
60	2907	5394	-1.0933
60	2907	24856436	-1.2682
60	2907	387447	-1.449
60	2907	5329102	-1.2551
60	2907	11520894	-1.1066
60	2907	24964624	-1.2072
60	2907	11960529	-1.1055
60	2907	9826528	-1.2493
60	2907	5311	-1.4659
60	2907	24748204	-1.467
60	2907	6421776	-1.4759
60	2907	216239	-1.4462
60	3062316	60700	-1.5324
60	2907	24958200	-1.1705
60	2907	216453	-1.4946
60	5394	387447	-1.3291
60	4091	9826528	-1.212
60	5394	46926350	-1.4178
60	5394	9826528	-1.2369
