CELL_ID	PUB_IDA	PUB_IDB	SCORE_BLISS
157	46215815	54454	-1.0443
157	11707110	24964624	-1.0902
157	11382492	637858	-1.0785
157	11626560	46215815	-1.1517
157	49846579	24856436	-0.9706
157	49846579	42642645	-0.7889
157	11556711	11178236	-0.5651
157	637858	11178236	-0.9726
157	46215815	3854666	-0.6175
157	11364421	24964624	-1.0471
157	11626560	60750	-0.8062
157	46215815	60750	-0.791
157	24856436	24964624	-1.009
157	46215815	5081913	-0.9555
157	42642645	24964624	-0.9656
157	46215815	11598628	-0.9573
157	46215815	78358496	-0.994
157	25262965	46215815	-0.9623
157	46907787	24964624	-1.1253
157	25262965	24964624	-1.0005
157	46215815	24771867	-1.0076
157	46215815	46907787	-1.0349
157	49846579	17755052	-0.8777
157	49846579	24771867	-0.857
157	25262965	11626560	-1.1199
157	16659841	11707110	-0.8298
157	56649450	46215815	-0.984
157	11382492	446378	-0.9303
157	49846579	446556	-0.9054
157	176870	46215815	-1.0367
157	1080352	11626560	-1.0474
157	446556	637858	-1.38
157	10184653	46215815	-1.0743
157	11626560	637858	-1.2115
157	46215815	5311	-1.2014
157	46215815	637858	-1.1647
157	46215815	446378	-1.0392
157	10184653	637858	-1.2622
157	11178236	11178236	-0.1761
157	3854666	11178236	-0.2555
157	16720766	11178236	-0.4744
157	11364421	11178236	-0.5748
157	60750	3854666	-0.1433
157	60750	11178236	-0.5486
157	24856436	11178236	-0.5401
157	11152667	3854666	-0.2987
157	11152667	11152667	-0.2301
157	11364421	16720766	-0.4051
157	11152667	11178236	-0.5637
157	42642645	11178236	-0.6278
157	5081913	11178236	-0.6481
157	11556711	11556711	-0.7309
157	3854666	3854666	-0.4494
157	11598628	11178236	-0.6329
157	16720766	3854666	-0.3567
157	11382492	11178236	-0.7095
157	11556711	3854666	-0.6722
157	11364421	3854666	-0.4344
157	3385	3854666	-0.3994
157	5288674	11178236	-0.7269
157	78358496	11178236	-0.5941
157	46907787	11178236	-0.7424
157	3385	11178236	-0.6893
157	24771867	11178236	-0.7401
157	3062316	11178236	-0.7952
157	11707110	11178236	-0.7637
157	60750	60750	-0.4032
157	25262965	11178236	-0.7561
157	56649450	11178236	-0.7797
157	17755052	11178236	-0.8288
157	60750	16720766	-0.4625
157	36314	11178236	-0.7677
157	11152667	16720766	-0.415
157	11364421	60750	-0.4407
157	11626560	11178236	-0.6536
157	104842	11178236	-0.8139
157	24964624	11178236	-0.8067
157	5288674	3854666	-0.5052
157	24856436	3854666	-0.4768
157	446556	11178236	-0.7814
157	42642645	3854666	-0.3955
157	135398510	11178236	-0.8467
157	5081913	3854666	-0.5835
157	1080352	3854666	-0.5625
157	5287969	11178236	-0.8775
157	11364421	11556711	-0.9131
157	11556711	16720766	-0.8521
157	46215815	11178236	-0.8563
157	176870	11178236	-0.8878
157	54454	11178236	-0.7901
157	3062316	3854666	-0.5853
157	1080352	11178236	-0.8849
157	16720766	16720766	-0.2236
157	11556711	60750	-0.8797
157	25262965	3854666	-0.5535
157	11707110	3854666	-0.4901
157	5287969	3854666	-0.598
157	49846579	11178236	-0.8737
157	16659841	3854666	-0.5091
157	17755052	3854666	-0.5403
157	42642645	16720766	-0.5214
157	46907787	3854666	-0.6415
157	11382492	3854666	-0.5371
157	10184653	11178236	-0.8984
157	16659841	11178236	-0.9778
157	11598628	3854666	-0.5395
157	24856436	16720766	-0.5709
157	11626560	3854666	-0.6131
157	78358496	3854666	-0.5189
157	11152667	11364421	-0.6899
157	11364421	42642645	-0.7423
157	11364421	11364421	-0.6267
157	11556711	24856436	-0.9543
157	11364421	24856436	-0.793
157	5311	11178236	-1.0215
157	446378	11178236	-0.973
157	5288674	60750	-0.5045
157	25262965	16720766	-0.5325
157	11152667	11556711	-0.9475
157	5288674	16720766	-0.5924
157	5288674	11152667	-0.5043
157	11364421	5081913	-0.7833
157	24771867	3854666	-0.6257
157	5081913	16720766	-0.5753
157	446556	3854666	-0.6313
157	176870	3854666	-0.5449
157	24964624	3854666	-0.6883
157	60750	5081913	-0.6074
157	11556711	42642645	-1.0256
157	11556711	5081913	-1.005
157	5288674	11364421	-0.7794
157	60750	24856436	-0.8373
157	135398510	3854666	-0.5556
157	3385	11364421	-0.7064
157	11152667	60750	-0.8624
157	11364421	11598628	-0.6603
157	56649450	3854666	-0.4391
157	11382492	16720766	-0.5566
157	24856436	24856436	-0.6915
157	5288674	11556711	-1.0053
157	46907787	16720766	-0.773
157	3854666	104842	-0.6922
157	16720766	11598628	-0.8193
157	42642645	60750	-0.6558
157	11382492	11556711	-1.0468
157	11707110	16720766	-0.6118
157	10184653	3854666	-0.5723
157	11556711	11598628	-1.0659
157	11364421	11382492	-0.7701
157	36314	3854666	-0.6803
157	25262965	11364421	-0.8141
157	11364421	11707110	-0.8086
157	11382492	60750	-0.5618
157	16720766	78358496	-0.7821
157	16720766	104842	-0.6595
157	49846579	3854666	-0.6063
157	3385	16720766	-0.6524
157	11152667	42642645	-0.5715
157	3385	11556711	-1.0769
157	11364421	78358496	-0.8572
157	11152667	24856436	-0.8182
157	11556711	24771867	-1.1003
157	60750	11598628	-0.6994
157	11152667	25262965	-0.6274
157	11556711	17755052	-1.0808
157	11556711	11707110	-1.0956
157	11556711	78358496	-1.0496
157	5081913	24856436	-0.7242
157	3385	60750	-0.5216
157	16720766	24771867	-0.7035
157	42642645	24856436	-0.7554
157	11364421	46907787	-1.0012
157	25262965	11556711	-1.0928
157	11364421	17755052	-0.9037
157	11152667	5081913	-0.6789
157	17755052	16720766	-0.5951
157	11364421	24771867	-0.6729
157	60750	24771867	-0.6757
157	3062316	16720766	-0.6036
157	11556711	46907787	-1.1677
157	24856436	11598628	-0.7783
157	3854666	446378	-0.7591
157	5287969	16720766	-0.7503
157	3062316	60750	-0.7391
157	11364421	36314	-0.8638
157	60750	78358496	-0.5755
157	3854666	54454	-0.8067
157	42642645	5081913	-0.7744
157	11364421	104842	-0.8291
157	42642645	42642645	-0.7359
157	1080352	16720766	-0.7309
157	46215815	16720766	-0.6362
157	25262965	60750	-0.8361
157	16720766	36314	-0.7437
157	16720766	446556	-0.8287
157	56649450	16720766	-0.7098
157	11152667	3062316	-0.6659
157	11152667	11382492	-0.5582
157	11382492	42642645	-0.6751
157	11556711	104842	-1.1549
157	135398510	16720766	-0.7055
157	24964624	16720766	-0.8161
157	78358496	78358496	-0.6097
157	11152667	11598628	-0.7063
157	16659841	16720766	-0.7791
157	11556711	135398510	-1.1332
157	56649450	11556711	-1.157
157	24856436	78358496	-0.7507
157	11152667	78358496	-0.6073
157	11364421	5287969	-0.9287
157	11364421	135398510	-0.9132
157	11152667	24771867	-0.6114
157	11364421	176870	-0.9324
157	5288674	24856436	-0.9262
157	5288674	5081913	-0.8913
157	11556711	3062316	-1.1498
157	11364421	56649450	-0.8889
157	60750	46907787	-1.0149
157	11556711	36314	-1.1739
157	3385	24856436	-0.8377
157	11364421	3062316	-0.8748
157	25262965	24856436	-0.7931
157	3854666	5311	-0.799
157	17755052	60750	-0.8207
157	176870	16720766	-0.7223
157	11707110	60750	-0.7073
157	11364421	11626560	-0.8991
157	11152667	11707110	-0.6198
157	11556711	446556	-1.1986
157	11152667	46907787	-0.7991
157	11382492	24856436	-0.721
157	11556711	24964624	-1.1908
157	135398510	60750	-0.6997
157	11364421	46215815	-0.9427
157	5081913	5081913	-1.0199
157	3385	42642645	-0.7134
157	10184653	16720766	-0.7039
157	11556711	176870	-1.2058
157	42642645	11598628	-0.8531
157	11364421	446556	-0.9222
157	5081913	11598628	-0.8402
157	11707110	24856436	-0.7456
157	11556711	5287969	-1.2148
157	5081913	78358496	-0.8053
157	60750	36314	-0.7458
157	25262965	42642645	-0.7453
157	637858	3854666	-0.7988
157	11556711	11626560	-1.219
157	49846579	11364421	-0.9478
157	5288674	42642645	-0.6367
157	3385	11152667	-0.8239
157	11556711	46215815	-1.22
157	25262965	5081913	-0.8525
157	1080352	11556711	-1.2198
157	11626560	16720766	-0.6895
157	56649450	60750	-0.7322
157	5288674	46907787	-0.7847
157	3385	11382492	-0.6443
157	16659841	11364421	-0.996
157	49846579	60750	-0.75
157	46907787	24856436	-0.9726
157	24856436	24771867	-0.8644
157	49846579	16720766	-0.7256
157	11382492	5081913	-0.8143
157	11152667	17755052	-0.7102
157	11364421	10184653	-0.9374
157	11152667	56649450	-0.821
157	17755052	24856436	-0.8547
157	42642645	78358496	-0.7865
157	60750	104842	-0.7473
157	11364421	1080352	-1.0156
157	3385	5081913	-0.8107
157	11707110	11707110	-0.5478
157	60750	24964624	-0.9719
157	11598628	11598628	-1.0383
157	16720766	54454	-0.8348
157	3385	25262965	-0.7035
157	56649450	24856436	-0.8412
157	10184653	60750	-0.8445
157	11382492	11382492	-0.7099
157	78358496	11598628	-0.7819
157	49846579	11556711	-1.2829
157	5081913	46907787	-0.9577
157	11364421	54454	-0.9479
157	17755052	5081913	-0.932
157	11152667	135398510	-0.6945
157	5288674	11598628	-0.7903
157	11152667	36314	-0.7641
157	42642645	24771867	-0.8288
157	16659841	11556711	-1.2664
157	11364421	446378	-0.9291
157	11707110	5081913	-0.875
157	176870	60750	-0.8143
157	60750	446556	-0.7415
157	42642645	11707110	-0.828
157	11382492	11598628	-0.8068
157	42642645	46907787	-0.8679
157	11152667	11626560	-0.7793
157	5287969	60750	-0.7608
157	135398510	24856436	-0.8868
157	5081913	24771867	-0.8512
157	3062316	24856436	-0.8829
157	11152667	104842	-0.7959
157	11556711	54454	-1.2371
157	5288674	3385	-0.8425
157	16720766	446378	-0.9432
157	49846579	11152667	-0.7182
157	176870	42642645	-0.7967
157	5081913	104842	-0.9807
157	24856436	36314	-0.9045
157	56649450	5081913	-0.8691
157	16720766	637858	-1.0539
157	5288674	11382492	-0.7749
157	3385	11598628	-0.838
157	24856436	104842	-0.9403
157	42642645	446556	-0.8613
157	5287969	24856436	-0.9148
157	11152667	176870	-0.6579
157	5288674	24771867	-0.9593
157	11152667	5287969	-0.6937
157	56649450	42642645	-0.8048
157	16659841	60750	-0.6741
157	11152667	5311	-0.8108
157	1080352	24856436	-0.9601
157	46907787	46907787	-0.822
157	176870	24856436	-0.9051
157	5288674	78358496	-0.9079
157	11382492	78358496	-0.8029
157	46907787	11598628	-1.0006
157	1080352	60750	-0.7338
157	5288674	56649450	-0.868
157	135398510	5081913	-0.8973
157	24771867	11598628	-0.8835
157	42642645	17755052	-0.8941
157	25262965	11382492	-0.885
157	5081913	36314	-0.9557
157	5288674	25262965	-0.8336
157	11364421	637858	-1.0977
157	176870	5081913	-0.9504
157	46215815	24856436	-0.9276
157	11382492	135398510	-0.7312
157	42642645	104842	-0.8879
157	5287969	5081913	-0.9548
157	25262965	11598628	-0.8862
157	11152667	24964624	-0.769
157	3385	24771867	-0.7763
157	3385	46907787	-0.8733
157	11152667	46215815	-0.7506
157	11707110	11598628	-0.9788
157	3385	3385	-0.679
157	11382492	11707110	-0.7567
157	11152667	54454	-0.7547
157	5288674	17755052	-0.9584
157	3385	78358496	-0.7608
157	11152667	446556	-0.7901
157	36314	36314	-1.0493
157	24856436	446556	-0.9467
157	42642645	36314	-0.8674
157	5288674	5288674	-0.9961
157	11382492	46907787	-0.9178
157	11382492	24771867	-0.784
157	16659841	11152667	-0.7385
157	3062316	5081913	-0.9705
157	3385	11707110	-0.7263
157	60750	54454	-0.8146
157	11382492	176870	-0.7448
157	5081913	24964624	-0.9936
157	60750	637858	-0.8352
157	24771867	24771867	-0.9299
157	11626560	24856436	-0.9332
157	10184653	11556711	-1.3003
157	46907787	78358496	-0.926
157	17755052	11598628	-1.0375
157	135398510	42642645	-0.805
157	16720766	5311	-0.9759
157	24771867	78358496	-0.9017
157	11556711	637858	-1.3585
157	11382492	17755052	-0.8643
157	11364421	5311	-1.0507
157	5288674	11707110	-0.923
157	1080352	42642645	-0.8457
157	5081913	446556	-1.0117
157	42642645	46215815	-0.85
157	25262965	78358496	-0.8545
157	11556711	5311	-1.3938
157	56649450	11382492	-0.8177
157	16659841	42642645	-0.8611
157	11556711	446378	-1.3772
157	56649450	11598628	-0.9632
157	3062316	42642645	-0.9509
157	11707110	78358496	-0.8227
157	25262965	24771867	-0.871
157	16659841	24856436	-0.8739
157	10184653	24856436	-0.9171
157	11152667	1080352	-0.9167
157	11626560	42642645	-0.9202
157	11598628	36314	-0.9857
157	11382492	3062316	-0.7701
157	11382492	36314	-0.8763
157	5287969	42642645	-0.9116
157	11707110	46907787	-0.8925
157	46907787	24771867	-1.0455
157	3385	36314	-0.857
157	11382492	5287969	-0.7853
157	11707110	24771867	-0.8856
157	11598628	104842	-0.962
157	10184653	5081913	-0.9539
157	17755052	78358496	-0.9731
157	3385	17755052	-0.8369
157	11382492	104842	-0.8663
157	11707110	446556	-0.864
157	11626560	5081913	-1.0101
157	56649450	46907787	-0.9394
157	5288674	16659841	-0.7653
157	3385	135398510	-0.7848
157	5288674	104842	-0.939
157	25262965	46907787	-0.9071
157	25262965	11707110	-0.8623
157	135398510	11598628	-0.8752
157	3385	56649450	-0.8467
157	24856436	54454	-0.9524
157	10184653	42642645	-0.8374
157	56649450	78358496	-0.9103
157	5288674	36314	-1.0891
157	49846579	5081913	-0.9349
157	60750	446378	-0.8924
157	56649450	24771867	-0.9559
157	17755052	24771867	-0.8678
157	3062316	11598628	-1.011
157	1080352	11382492	-0.9098
157	78358496	36314	-0.9688
157	11598628	446556	-1.0887
157	11382492	446556	-0.8384
157	11152667	637858	-1.0333
157	17755052	46907787	-1.067
157	1080352	5081913	-0.9792
157	60750	5311	-0.8589
157	24964624	11598628	-1.1368
157	5288674	3062316	-0.8552
157	25262965	25262965	-0.8255
157	176870	11598628	-1.043
157	78358496	104842	-0.9228
157	5288674	135398510	-0.9155
157	16659841	5081913	-0.8983
157	11382492	24964624	-0.9902
157	5287969	11598628	-1.0864
157	3385	3062316	-0.8733
157	42642645	54454	-0.9355
157	11382492	54454	-0.9341
157	3385	1080352	-0.8595
157	24856436	5311	-1.0403
157	25262965	17755052	-0.9533
157	11626560	11598628	-1.0136
157	135398510	78358496	-0.8709
157	5288674	5287969	-0.7886
157	3062316	24771867	-0.9345
157	5081913	5311	-1.0712
157	17755052	11707110	-1.0891
157	1080352	11598628	-0.9294
157	11626560	11626560	-0.9702
157	25262965	36314	-0.9593
157	49846579	11598628	-0.9571
157	135398510	24771867	-0.9035
157	3385	104842	-0.9764
157	5288674	446556	-0.9209
157	11707110	36314	-0.9666
157	46907787	36314	-1.0908
157	17755052	17755052	-0.9271
157	24771867	36314	-1.0137
157	5288674	176870	-1.0541
157	5288674	24964624	-1.0007
157	56649450	11707110	-0.9112
157	11382492	46215815	-0.8948
157	56649450	17755052	-0.8568
157	3062316	78358496	-0.9603
157	25262965	56649450	-0.9002
157	5288674	11626560	-1.0042
157	11152667	10184653	-0.832
157	24856436	637858	-1.1316
157	78358496	446556	-0.8678
157	11382492	11626560	-0.8936
157	46907787	104842	-1.1242
157	5081913	54454	-0.9964
157	24771867	104842	-0.9196
157	24964624	78358496	-1.0604
157	5288674	46215815	-1.0685
157	176870	78358496	-0.9349
157	25262965	104842	-0.9233
157	135398510	46907787	-0.9485
157	5287969	78358496	-1.0179
157	135398510	11707110	-0.8783
157	46907787	446556	-1.0808
157	11152667	446378	-0.7402
157	3385	446556	-0.9066
157	11707110	104842	-1.0269
157	11598628	54454	-1.0145
157	17755052	36314	-1.0491
157	5288674	49846579	-0.9757
157	3385	11626560	-0.9592
157	24856436	446378	-0.998
157	11626560	78358496	-0.9604
157	10184653	11382492	-0.8655
157	25262965	135398510	-0.9351
157	5288674	10184653	-0.8861
157	5288674	637858	-1.0299
157	3385	24964624	-1.0905
157	3385	46215815	-0.9328
157	3062316	46907787	-1.0375
157	3062316	11707110	-0.9652
157	56649450	36314	-0.9906
157	49846579	11382492	-0.7633
157	3385	5287969	-0.8765
157	3385	176870	-0.9764
157	24771867	446556	-1.0231
157	42642645	637858	-1.0567
157	25262965	446556	-0.9133
157	5288674	1080352	-1.2764
157	25262965	1080352	-0.8997
157	16659841	11598628	-1.0028
157	24964624	24771867	-1.092
157	11626560	24771867	-0.9766
157	3385	49846579	-0.9093
157	5288674	54454	-0.9022
157	25262965	176870	-0.8269
157	5081913	637858	-1.1946
157	1080352	78358496	-0.885
157	176870	46907787	-1.0101
157	49846579	78358496	-0.8685
157	17755052	104842	-1.0718
157	176870	24771867	-1.0541
157	25262965	3062316	-0.9566
157	16659841	11382492	-0.8732
157	5287969	46907787	-1.274
157	5287969	24771867	-0.9777
157	42642645	446378	-0.9308
157	135398510	17755052	-0.9749
157	3062316	135398510	-0.846
157	1080352	17755052	-0.9196
157	56649450	56649450	-0.9085
157	3062316	176870	-0.9764
157	25262965	5287969	-0.926
157	11626560	46907787	-1.1085
157	3385	16659841	-0.8626
157	49846579	46907787	-0.9635
157	176870	11707110	-0.9567
157	56649450	104842	-0.9676
157	3062316	17755052	-1.0204
157	1080352	46907787	-1.1314
157	5287969	11707110	-0.9455
157	11707110	46215815	-1.0097
157	135398510	36314	-0.9567
157	1080352	11707110	-0.9259
157	5081913	446378	-1.039
157	49846579	25262965	-0.9124
157	36314	104842	-1.0957
157	16659841	46907787	-0.9484
157	56649450	135398510	-0.823
157	17755052	446556	-1.0736
157	25262965	54454	-0.9434
157	11626560	11707110	-1.004
157	1080352	24771867	-0.8806
157	5287969	17755052	-0.9724
157	5288674	446378	-0.7827
157	49846579	11707110	-0.8789
157	56649450	446556	-0.9523
157	42642645	5311	-1.0944
157	56649450	11626560	-0.9763
157	17755052	24964624	-1.1007
157	16659841	78358496	-0.9042
157	78358496	54454	-0.9893
157	104842	104842	-0.9445
157	3062316	36314	-1.0203
157	16659841	17755052	-0.8583
157	10184653	11598628	-1.0088
157	176870	17755052	-1.0628
157	56649450	3062316	-0.9601
157	135398510	104842	-0.9844
157	25262965	10184653	-0.8369
157	16659841	25262965	-0.9619
157	5288674	5311	-0.8375
157	11598628	637858	-1.2573
157	11382492	5311	-1.0013
157	1080352	176870	-0.866
157	17755052	46215815	-1.071
157	10184653	24771867	-0.9083
157	3385	10184653	-0.8555
157	5287969	5287969	-0.8679
157	46907787	54454	-1.0747
157	11626560	17755052	-1.0891
157	135398510	5287969	-0.9021
157	16659841	24771867	-0.8893
157	135398510	46215815	-0.8973
157	56649450	24964624	-1.1177
157	56649450	176870	-0.85
157	36314	446556	-1.134
157	3385	5311	-0.9184
157	3385	54454	-1.0181
157	56649450	5287969	-0.9828
157	135398510	446556	-0.9002
157	135398510	176870	-0.9158
157	11598628	446378	-1.0975
157	24964624	36314	-1.1897
157	5287969	36314	-1.0781
157	3062316	104842	-1.0194
157	176870	36314	-1.1648
157	446556	104842	-1.1239
157	3385	637858	-1.1036
157	24771867	54454	-1.0816
157	11598628	5311	-1.2323
157	135398510	135398510	-0.8619
157	46215815	36314	-1.0718
157	49846579	135398510	-0.9649
157	10184653	78358496	-0.9227
157	176870	446556	-1.0409
157	24964624	104842	-1.3291
157	1080352	56649450	-0.931
157	176870	104842	-1.0437
157	11626560	36314	-1.0862
157	10184653	46907787	-1.0302
157	24771867	446378	-1.0443
157	46215815	104842	-1.0224
157	5287969	104842	-1.0242
157	78358496	637858	-1.2034
157	135398510	24964624	-1.0846
157	3062316	3062316	-0.9825
157	3062316	446556	-1.0131
157	49846579	56649450	-0.9454
157	446556	446556	-1.0168
157	11707110	54454	-0.9959
157	10184653	11707110	-0.9734
157	11626560	104842	-1.0328
157	3385	446378	-1.0402
157	1080352	36314	-1.076
157	49846579	36314	-1.1198
157	16659841	36314	-1.0549
157	11626560	135398510	-1.0056
157	3062316	24964624	-1.1803
157	5287969	446556	-1.0311
157	78358496	446378	-1.1565
157	24964624	446556	-1.2126
157	3062316	5287969	-0.9845
157	3062316	46215815	-1.0298
157	1080352	104842	-0.9664
157	16659841	104842	-0.9575
157	46215815	446556	-1.001
157	17755052	54454	-1.1192
157	56649450	54454	-0.8832
157	176870	5287969	-0.9777
157	49846579	104842	-1.0186
157	24771867	637858	-1.1516
157	78358496	5311	-1.2123
157	176870	24964624	-1.0966
157	46907787	637858	-1.3901
157	46215815	24964624	-1.1151
157	11626560	3062316	-1.2708
157	46907787	446378	-1.1541
157	5287969	24964624	-1.2091
157	1080352	135398510	-0.8553
157	11626560	446556	-1.0472
157	16659841	56649450	-0.8817
157	24964624	24964624	-1.1505
157	49846579	3062316	-0.9502
157	11626560	176870	-1.0264
157	49846579	24964624	-1.0263
157	1080352	46215815	-0.9448
157	11626560	24964624	-1.2152
157	1080352	446556	-0.9862
157	10184653	36314	-1.0672
157	5287969	46215815	-1.046
157	16659841	3062316	-0.8996
157	10184653	17755052	-1.0662
157	25262965	637858	-1.1652
157	11707110	637858	-1.0913
157	11626560	5287969	-1.0931
157	11707110	446378	-1.0311
157	36314	54454	-1.2481
157	1080352	3062316	-0.9016
157	1080352	24964624	-1.056
157	10184653	135398510	-0.8981
157	46215815	46215815	-1.0378
157	135398510	54454	-1.0024
157	46907787	5311	-1.299
157	24771867	5311	-1.1421
157	3062316	54454	-1.0213
157	10184653	56649450	-0.9984
157	104842	54454	-1.2817
157	1080352	5287969	-1.0211
157	25262965	446378	-0.9279
157	49846579	176870	-0.9083
157	25262965	5311	-1.0345
157	16659841	446556	-0.9598
157	49846579	11626560	-1.0499
157	17755052	637858	-1.2347
157	49846579	5287969	-0.9098
157	49846579	46215815	-0.9172
157	16659841	135398510	-0.8572
157	11707110	5311	-0.9683
157	1080352	1080352	-1.0345
157	49846579	49846579	-0.9022
157	17755052	446378	-1.0599
157	16659841	176870	-0.9101
157	16659841	46215815	-0.9695
157	10184653	176870	-0.8509
157	446556	54454	-1.1546
157	56649450	637858	-1.1772
157	16659841	5287969	-0.9935
157	49846579	1080352	-0.9764
157	176870	176870	-1.1914
157	56649450	446378	-0.9703
157	16659841	24964624	-1.0487
157	36314	637858	-1.2789
157	16659841	16659841	-1.2295
157	135398510	637858	-1.0842
157	24964624	54454	-1.2358
157	17755052	5311	-1.0026
157	5287969	54454	-1.1296
157	176870	54454	-1.0045
157	10184653	5287969	-0.9178
157	16659841	11626560	-1.0604
157	36314	446378	-1.262
157	10184653	104842	-0.9869
157	637858	104842	-1.3223
157	10184653	3062316	-0.936
157	1080352	54454	-0.9871
157	11626560	54454	-1.1012
157	10184653	446556	-0.962
157	56649450	5311	-1.0585
157	36314	5311	-1.2707
157	16659841	1080352	-1.0267
157	49846579	16659841	-0.8522
157	49846579	10184653	-0.8733
157	104842	446378	-1.3025
157	49846579	54454	-0.9984
157	3062316	637858	-1.2709
157	10184653	11626560	-1.0471
157	135398510	446378	-1.0209
157	104842	5311	-1.4106
157	1080352	446378	-1.1245
157	135398510	5311	-1.025
157	10184653	24964624	-1.1051
157	24964624	637858	-1.4496
157	176870	637858	-1.2463
157	11626560	446378	-1.0589
157	5287969	637858	-1.3716
157	5287969	446378	-1.1212
157	3062316	446378	-1.1411
157	446556	446378	-1.2514
157	3062316	5311	-1.1828
157	24964624	446378	-1.277
157	446556	5311	-1.2074
157	176870	446378	-1.084
157	176870	5311	-1.1133
157	11626560	5311	-1.0731
157	16659841	54454	-0.9539
157	1080352	637858	-1.241
157	24964624	5311	-1.3191
157	10184653	1080352	-1.0477
157	49846579	637858	-1.2532
157	5287969	5311	-1.1856
157	54454	54454	-1.3091
157	10184653	54454	-0.9897
157	49846579	446378	-1.077
157	1080352	5311	-1.0965
157	49846579	5311	-1.1787
157	16659841	10184653	-0.9678
157	637858	54454	-1.4162
157	16659841	637858	-1.2832
157	54454	5311	-1.3292
157	54454	446378	-1.3306
157	16659841	446378	-1.0816
157	16659841	5311	-1.0462
157	10184653	10184653	-1.0672
157	637858	637858	-1.6195
157	10184653	446378	-0.989
157	637858	446378	-1.4203
157	10184653	5311	-1.1202
157	637858	5311	-1.4993
157	446378	446378	-1.4203
157	446378	5311	-1.4643
157	5311	5311	-1.5343
