CELL_ID	PUB_IDA	PUB_IDB	SCORE_BLISS
72	2578	5360373	-1.1105
72	6442177	6450551	-0.9026
72	5426	126941	-0.9946
72	4212	6450551	-1.0789
72	4114	5360373	-1.0795
72	4212	25126798	-1.0902
72	11683	4212	-1.0922
72	454216	9854073	-1.0906
72	65628	9854073	-1.1178
72	9854073	3081361	-1.0734
72	60750	9854073	-1.0741
72	176870	9854073	-1.1109
72	4114	9854073	-1.0637
72	5426	9854073	-1.1089
72	29327	446556	-0.9695
72	57469	446556	-1.0305
72	5394	446556	-1.0302
72	208908	446556	-1.0321
72	261004	446556	-1.0174
72	5790	9854073	-0.9129
72	4212	9854073	-0.8877
72	6445540	454216	-0.8826
72	6445540	6857599	-1.0128
72	6442177	44424639	-0.9252
72	5360373	9854073	-0.8969
72	216239	9854073	-0.9429
72	6445540	451668	-1.1004
72	60700	9854073	-0.9504
72	6445540	2907	-1.084
72	2578	126941	-0.7845
72	6194	446556	-0.9007
72	148124	446556	-0.91
72	60700	446556	-0.9345
72	6442177	5353562	-0.968
72	4212	132971	-1.0968
72	259331	6445540	-0.9164
72	4033	9854073	-1.0094
72	2187	9854073	-1.0665
72	9854073	10113978	-1.0612
72	3902	9854073	-1.0643
72	2094	9854073	-1.0463
72	208908	9854073	-1.055
72	3011155	9854073	-1.073
72	2578	9854073	-1.0882
72	30323	446556	-1.0288
72	9444	9854073	-1.0669
72	104741	9854073	-1.11
72	4211	9854073	-1.0563
72	5353562	446556	-0.9246
72	446556	10113978	-0.9496
72	57469	9854073	-1.0768
72	60953	9854073	-1.1322
72	176870	2723601	-1.0261
72	5329102	2723601	-1.0307
72	2187	446556	-0.9949
72	5394	4212	-1.0251
72	6445540	446556	-1.0099
72	9854073	42611257	-1.1352
72	2578	454216	-0.9467
72	163659	9854073	-1.1534
72	5978	446556	-0.9704
72	387447	3011155	-0.9211
72	667490	148124	-1.1155
72	44424639	24776445	-1.0968
72	148124	123631	-1.0899
72	13342	3081361	-1.0501
72	2767	3950	-1.016
72	4915	11626560	-0.9671
72	439693	2478	-0.9823
72	2094	5353562	-0.9184
72	60953	6450551	-1.004
72	5329102	216326	-0.9568
72	5311	3081361	-0.9798
72	5329102	123631	-0.9975
72	25126798	3081361	-1.0033
72	259331	13342	-0.99
72	5291	10113978	-0.9984
72	3062316	657237	-0.984
72	4114	2094	-1.0124
72	4211	644241	-1.0076
72	60198	216326	-0.9711
72	4212	5799	-0.9659
72	6442177	4212	-0.8699
72	60700	126941	-0.7509
72	126941	9854073	-0.7606
72	126941	452548	-0.8344
72	6445540	60700	-0.9543
72	6442177	9854073	-0.7983
72	454216	5360373	-0.9715
72	5790	3950	-0.8803
72	446556	5799	-0.8563
72	4212	446556	-0.8657
72	5746	2708	-0.8656
72	387447	9854073	-1.0326
72	5746	60198	-0.8618
72	36462	4212	-0.9543
72	6445540	36314	-0.9476
72	71384	4212	-0.9502
72	6857599	126941	-0.8176
72	5746	667490	-0.8675
72	216239	4212	-0.9405
72	126941	30323	-0.9133
72	5352062	446556	-0.9514
72	44424639	9854073	-0.9008
72	6445540	29327	-1.0929
72	2723601	446556	-0.831
72	6442177	71384	-0.9162
72	6445540	5329102	-0.9757
72	38904	9854073	-0.9419
72	216239	2723601	-0.925
72	5284616	3950	-0.7571
72	216239	446556	-0.926
72	667490	9854073	-0.8622
72	6445540	444795	-1.0331
72	126941	6450551	-0.9463
72	6445540	2141	-1.1246
72	2767	5284616	-0.9376
72	6445540	60953	-1.0145
72	104842	5352062	-1.086
72	387447	446556	-0.9296
72	2708	446556	-0.8822
72	6445540	2662	-0.9971
72	6442177	25126798	-0.9167
72	13342	9854073	-0.9749
72	3950	446556	-0.8612
72	451668	126941	-0.9219
72	6442177	460612	-0.99
72	6442177	132971	-0.9127
72	4114	126941	-0.9687
72	5360373	3385	-0.8894
72	2141	126941	-0.8719
72	13342	2708	-0.8563
72	5790	24776445	-1.037
72	148124	9854073	-1.0255
72	6445540	5291	-1.0364
72	13342	6194	-0.9231
72	126941	13342	-1.0143
72	6857599	5799	-1.0822
72	137	2723601	-0.8754
72	11626560	9854073	-0.9855
72	137	9854073	-0.9735
72	4212	123631	-1.118
72	44424639	446556	-0.9422
72	126941	25126798	-0.9685
72	42611257	4212	-1.0268
72	6442177	3081361	-0.9514
72	13342	5360373	-0.9935
72	6442177	24776445	-0.9903
72	6442177	216326	-0.9709
72	9444	5352062	-1.1056
72	11626560	446556	-0.9137
72	439693	9854073	-1.0093
72	5311	2723601	-0.9866
72	6253	9854073	-1.0765
72	132971	9854073	-1.0545
72	387447	65628	-1.1164
72	2094	4212	-1.0203
72	3657	9854073	-1.0199
72	5746	29327	-0.9722
72	6442177	2123	-1.0053
72	6442177	10113978	-0.9261
72	451668	9854073	-1.047
72	644241	9854073	-1.0146
72	3657	4212	-1.074
72	5311	9854073	-1.0549
72	5284616	5790	-0.803
72	4842	446556	-0.9209
72	387447	71384	-0.9877
72	6442177	42611257	-1.0556
72	5394	9854073	-1.0584
72	6253	446556	-0.9117
72	5746	5353562	-0.9444
72	387447	216239	-0.9165
72	2723601	10113978	-0.9529
72	5978	2723601	-0.9721
72	460612	446556	-0.9447
72	5284616	11626560	-1.0258
72	446556	25126798	-0.9234
72	2733526	9854073	-1.1457
72	5426	5360373	-1.0696
72	2662	2723601	-1.008
72	457193	9854073	-1.0841
72	5284616	6450551	-0.9967
72	148121	446556	-1.0006
72	4915	5352062	-0.9839
72	5426	4212	-1.1287
72	444795	446556	-0.9557
72	3690	5746	-1.0416
72	446556	42611257	-0.9236
72	5978	9854073	-1.0177
72	446556	216326	-0.9758
72	451668	446556	-0.9949
72	9854073	5035	-1.14
72	2733526	446556	-1.0067
72	60700	4033	-1.0538
72	261004	5329102	-0.9785
72	6442177	11683	-1.0249
72	3657	2708	-0.8933
72	9854073	24776445	-1.1313
72	644241	446556	-1.0252
72	444795	3385	-0.9406
72	11626560	3385	-1.0142
72	5746	11683	-0.9673
72	2141	9854073	-1.0629
72	261004	5394	-1.0095
72	2578	446556	-1.0002
72	446556	24776445	-0.9463
72	261004	657237	-1.0027
72	5426	446556	-0.9136
72	5284616	3081361	-1.0474
72	11683	9854073	-1.0797
72	261004	2723601	-1.0085
72	123631	9854073	-1.0216
72	68740	4212	-0.6286
72	387447	148124	-0.9657
72	3690	446556	-1.0071
72	451668	6194	-0.9048
72	2141	4212	-1.0589
72	5284616	10113978	-1.0144
72	3062316	446556	-1.057
72	5284616	24776445	-1.1329
72	3081361	9854073	-1.05
72	259331	9854073	-1.0625
72	5426	454216	-1.1607
72	2907	446556	-1.0239
72	36462	132971	-0.9822
72	5352062	11626560	-0.94
72	42611257	446556	-1.0045
72	60700	460612	-1.0049
72	454216	3657	-1.0759
72	38904	216326	-0.9565
72	60700	148121	-0.975
72	119182	446556	-1.0113
72	38904	5353562	-0.9646
72	5394	36462	-0.9804
72	5746	444795	-0.9103
72	36462	10113978	-1.0078
72	4114	452548	-0.998
72	60953	36462	-0.9582
72	4114	36462	-0.9861
72	119182	6194	-1.0315
72	2578	667490	-0.9449
72	5284616	42611257	-1.1553
72	5453	30323	-0.9164
72	6857599	5453	-1.0684
72	119182	60198	-0.9823
72	2733526	6194	-0.9256
72	148124	11626560	-1.0293
72	3902	60198	-0.97
72	2123	446556	-0.9704
72	3011155	6194	-1.0328
72	259331	44424639	-0.9474
72	2708	5035	-0.9971
72	387447	123631	-0.9007
72	3902	44424639	-0.9392
72	5284616	2733526	-0.8834
72	4842	9444	-0.9839
72	148124	6450551	-1.0587
72	5311	104842	-1.0616
72	3011155	44424639	-0.93
72	2733526	44424639	-0.9973
72	3950	3081361	-1.0032
72	5311	5284616	-0.9165
72	5352062	444795	-0.8835
72	259331	71384	-0.9749
72	3062316	452548	-1.0674
72	71384	123631	-0.972
72	644241	2708	-0.9846
72	60700	60953	-0.9769
72	60700	5291	-1.0134
72	5329102	452548	-1.0336
72	148124	24776445	-1.0791
72	60953	5790	-0.9518
72	259331	5284616	-1.1124
72	176870	104842	-1.0195
72	439693	44424639	-0.9403
72	237	4033	-0.8873
72	439693	5284616	-1.0009
72	148124	5035	-1.0212
72	57469	4842	-0.9712
72	71384	42611257	-1.0005
72	104842	657237	-0.9589
72	6442177	6253	-0.8779
72	104842	104741	-0.9876
72	60750	3950	-1.0708
72	2907	457193	-0.9881
72	4211	5284616	-0.8342
72	2094	5284616	-1.0363
72	2578	6442177	-0.9307
72	31703	457193	-1.0534
72	237	6450551	-1.0112
72	6442177	60953	-0.9157
72	6857599	3657	-1.0359
72	460612	11626560	-0.9218
72	104741	30323	-0.9353
72	5360373	24776445	-0.845
72	4033	5311	-0.9418
72	3062316	5284616	-0.8459
72	2478	137	-0.9789
72	6857599	119182	-1.0715
72	237	3081361	-1.0214
72	6442177	5978	-0.9023
72	6442177	3902	-0.8383
72	6442177	5394	-0.8826
72	4114	5453	-0.9861
72	29327	237	-0.9059
72	3062316	457193	-0.8462
72	11626560	123631	-0.9518
72	3690	457193	-0.9498
72	5426	457193	-0.9466
72	237	2733526	-0.9034
72	2578	2478	-0.9309
72	6857599	6450551	-0.9854
72	6857599	123631	-0.9659
72	3062316	38904	-0.994
72	20279	11626560	-0.9517
72	36314	42611257	-1.0728
72	5394	11626560	-0.9389
72	119182	11626560	-1.0037
72	4211	460612	-0.9828
72	4033	123631	-0.9951
72	4033	6450551	-0.9628
72	439693	11626560	-1.01
72	65628	38904	-0.9979
72	5311	6450551	-0.9886
72	9444	104741	-0.9233
72	137	2733526	-0.936
72	6450551	25126798	-0.9661
72	451668	25126798	-0.9577
72	4033	65628	-1.0141
72	6253	5353562	-0.9895
72	2578	29327	-1.6332
72	119182	132971	-0.983
72	42611257	216326	-0.9389
72	9444	657237	-0.9956
72	237	4211	-0.8693
72	2578	6450551	-0.9251
72	208908	9444	-0.9844
72	259331	29327	-1.2078
72	2578	451668	-0.9822
72	4033	24776445	-0.978
72	119182	6450551	-0.9854
72	3657	216326	-0.991
72	208908	36314	-1.0512
72	4033	3657	-1.0551
72	36314	11683	-0.9856
72	148121	132971	-0.9981
72	2187	6450551	-0.9894
72	5311	24776445	-0.992
72	2767	6450551	-0.9459
72	216239	148124	-0.9967
72	68740	5353562	-0.9598
72	57469	6450551	-0.947
72	2578	216239	-0.9906
72	259331	148124	-1.1857
72	259331	20279	-1.0187
72	104741	216326	-0.9352
72	5311	2733526	-0.9984
72	644241	132971	-0.9617
72	2123	6450551	-0.9124
72	57469	29327	-1.0046
72	208908	216326	-0.9884
72	5978	42611257	-1.047
72	119182	25126798	-0.9772
72	2733526	123631	-0.99
72	4915	20279	-0.9643
72	3690	216326	-0.9919
72	2662	123631	-0.9542
72	3657	2123	-0.9597
72	2578	148121	-0.9685
72	451668	2478	-1.0182
72	36314	644241	-0.9237
72	457193	132971	-1.1419
72	60953	132971	-1.0017
72	3081361	6450551	-1.0106
72	3062316	5353562	-1.0511
72	439693	29327	-1.6337
72	2578	25126798	-0.9664
72	42611257	5353562	-1.1008
72	60953	123631	-0.9611
72	6445540	42611257	-0.9821
72	119182	3081361	-0.9954
72	4211	132971	-0.9811
72	3657	5035	-0.9631
72	5291	132971	-0.9854
72	25126798	10113978	-1.0191
72	2141	5353562	-1.0196
72	259331	451668	-1.2595
72	2662	10113978	-0.989
72	2907	216326	-1.0232
72	176870	29327	-0.9422
72	29327	2733526	-0.9772
72	439693	25126798	-0.9623
72	3657	148124	-1.0546
72	104741	36314	-0.9388
72	5329102	6253	-0.999
72	5311	5394	-0.9867
72	176870	2478	-0.9782
72	259331	208908	-0.9656
72	2141	123631	-1.0161
72	2662	25126798	-0.9722
72	454216	3081361	-1.0058
72	148121	216239	-0.9897
72	9444	3081361	-0.9645
72	2578	3081361	-0.9457
72	148124	3902	-0.9431
72	2187	36314	-0.9088
72	29327	148121	-1.017
72	29327	5394	-0.963
72	259331	216239	-1.0046
72	11683	123631	-1.0015
72	65628	25126798	-0.9775
72	9444	5035	-0.9841
72	3062316	25126798	-1
72	42611257	25126798	-0.9922
72	259331	5035	-0.9313
72	60198	31703	-0.9499
72	2187	20279	-0.962
72	2662	42611257	-0.9839
72	3690	24776445	-1.0344
72	4114	25126798	-0.9745
72	4114	10113978	-0.98
72	148124	2733526	-1.0063
72	163659	3081361	-1.1484
72	65628	3081361	-0.9883
72	4114	216239	-0.9655
72	5311	60953	-1.002
72	2733526	42611257	-0.998
72	3062316	5978	-1.012
72	657237	25126798	-0.9683
72	3062316	42611257	-1.0106
72	2141	3081361	-0.9817
72	4114	5394	-0.9729
72	2094	5035	-1.0108
72	4114	3062316	-0.9975
72	176870	4915	-0.9214
72	3062316	2733526	-1.0115
72	2478	2662	-0.9789
72	5291	25126798	-0.9656
72	3062316	644241	-1.0184
72	261004	10113978	-0.9773
72	5035	42611257	-1.0321
72	2094	3062316	-1.0429
72	451668	2094	-0.9692
72	57469	68740	-1.0312
72	3690	657237	-0.9666
72	2094	216239	-0.9813
72	216239	644241	-0.9918
72	2733526	5035	-0.9797
72	2187	31703	-1.2225
72	439693	2094	-0.9841
72	451668	13342	-0.9836
72	5426	2733526	-0.9666
72	68740	3011155	-1.0366
72	439693	2733526	-0.9735
72	163659	5035	-1.0723
72	57469	2907	-0.9553
72	2907	644241	-0.965
72	3657	68740	-1.0199
72	11683	31703	-1.0886
72	4114	2733526	-0.9934
72	5291	42611257	-1.0155
72	4211	216239	-1.0881
72	2094	3902	-1.0217
72	2141	5035	-0.97
72	3011155	3902	-1.0684
72	2907	4915	-0.9924
72	208908	644241	-0.9779
72	104741	5978	-1.0291
72	3011155	5035	-0.9774
72	2187	11683	-0.9498
72	3011155	2662	-1.0182
72	3657	5329102	-0.9926
72	5329102	644241	-0.9968
72	65628	5329102	-1.0367
72	60953	3657	-1.047
72	2907	5291	-0.9968
72	119182	60953	-1.294
72	60953	104741	-1.1575
72	4211	11683	-1.0246
72	261004	11683	-0.9945
72	6445540	5360373	-0.7842
72	6445540	126941	-0.8023
72	261004	6445540	-0.7551
72	126941	4212	-0.7527
72	6445540	5352062	-0.7981
72	6445540	5799	-0.8526
72	5746	5360373	-0.7467
72	2767	6445540	-0.8659
72	261004	2767	-0.6418
72	6445540	163659	-0.8638
72	126941	5799	-0.777
72	5746	126941	-0.7943
72	6445540	5746	-0.9139
72	2767	5360373	-0.8065
72	126941	2723601	-0.7527
72	60700	5746	-0.1972
72	6445540	6442177	-0.7874
72	126941	5352062	-0.6957
72	126941	36462	-0.7955
72	261004	5352062	-0.7231
72	6442177	2723601	-0.8316
72	126941	454216	-0.8685
72	6445540	667490	-0.9058
72	452548	5799	-0.8846
72	126941	2708	-0.8312
72	126941	5284616	-0.7523
72	5360373	163659	-0.8308
72	6445540	104842	-0.8717
72	5352062	4212	-0.8575
72	3385	4212	-0.8262
72	2723601	9854073	-0.7534
72	5746	4212	-0.9201
72	5790	36462	-0.8602
72	126941	3385	-0.7343
72	6445540	5790	-0.8789
72	2723601	4212	-0.8495
72	6442177	3385	-0.849
72	5799	454216	-0.8186
72	446556	9854073	-0.7434
72	387447	4212	-0.9718
72	5790	3385	-0.7899
72	6442177	36462	-0.8882
72	60700	5360373	-0.9938
72	126941	44424639	-0.8165
72	387447	5746	-0.8809
72	126941	3950	-0.8166
72	6442177	452548	-0.914
72	5790	60198	-0.8796
72	5790	6194	-0.8969
72	6445540	457193	-0.9138
72	6445540	5453	-0.9287
72	5746	9854073	-0.9024
72	5746	5799	-0.8462
72	261004	387447	-0.8608
72	2767	387447	-0.8887
72	5352062	2723601	-0.9374
72	5746	2723601	-0.8347
72	5790	44424639	-0.8835
72	126941	71384	-0.8382
72	6445540	38904	-0.8902
72	667490	5360373	-0.8791
72	5284616	2723601	-0.7646
72	44424639	5799	-0.9823
72	6442177	60198	-0.9196
72	6442177	6194	-0.9638
72	126941	6442177	-0.7573
72	4842	126941	-0.9139
72	387447	5352062	-0.8527
72	387447	5799	-0.9834
72	5352062	9854073	-0.8383
72	6442177	2708	-0.9266
72	126941	6194	-0.8744
72	104842	4212	-0.8929
72	667490	126941	-0.9712
72	5746	163659	-0.8176
72	6194	4212	-0.9259
72	3385	5799	-0.821
72	60750	126941	-0.6666
72	387447	60700	-0.8787
72	6445540	5284616	-0.9135
72	387447	454216	-0.9857
72	5746	5352062	-0.9567
72	667490	4212	-0.858
72	6442177	3950	-0.864
72	387447	163659	-0.9406
72	5284616	3385	-0.7691
72	126941	60198	-0.862
72	6445540	60750	-0.9542
72	104842	9854073	-0.9487
72	452548	4212	-0.9076
72	2767	5352062	-0.9184
72	5746	446556	-0.8554
72	5790	2708	-0.8429
72	452548	9854073	-0.8177
72	2723601	452548	-0.8575
72	38904	4212	-0.8419
72	6445540	9444	-0.9686
72	2767	163659	-0.8808
72	36462	9854073	-0.8399
72	667490	5352062	-0.7311
72	2723601	5799	-0.8719
72	5360373	5790	-0.8852
72	163659	5799	-0.8581
72	5746	3385	-0.8249
72	4212	60198	-0.9555
72	36462	5799	-1.0311
72	261004	163659	-0.8727
72	104842	2723601	-0.9036
72	387447	2723601	-1.0562
72	387447	667490	-0.913
72	5360373	5284616	-0.9318
72	5746	36462	-0.8835
72	3385	36462	-0.8123
72	261004	4842	-0.7687
72	30323	5799	-0.8919
72	6445540	20279	-0.9535
72	2723601	36462	-0.882
72	104842	3385	-0.8636
72	261004	60700	-0.8805
72	6445540	148124	-0.986
72	667490	2723601	-0.8373
72	5284616	36462	-0.821
72	6445540	2578	-1.0946
72	60700	4212	-0.9406
72	60700	5799	-1.0377
72	5284616	2708	-0.7885
72	387447	60198	-0.8915
72	126941	148124	-0.8636
72	6445540	31703	-0.9629
72	2723601	2708	-0.8561
72	452548	446556	-0.8795
72	5284616	452548	-0.8502
72	5790	71384	-0.9228
72	261004	5284616	-0.7976
72	5284616	6194	-0.752
72	6445540	4114	-1.0963
72	5746	452548	-0.9068
72	6194	9854073	-0.8973
72	6445540	3657	-0.9804
72	36462	446556	-0.8968
72	38904	2723601	-0.8347
72	6445540	65628	-0.9592
72	5284616	60198	-0.8564
72	163659	5352062	-0.873
72	5360373	6442177	-0.9625
72	6445540	3062316	-0.9594
72	6445540	57469	-1.1115
72	104842	446556	-0.8881
72	137	5360373	-0.8183
72	5746	5453	-0.8248
72	6445540	439693	-1.1077
72	60700	454216	-0.928
72	2767	454216	-0.8859
72	5352062	36462	-0.9081
72	4211	5360373	-0.7386
72	6445540	148121	-0.9298
72	6445540	13342	-0.993
72	13342	4212	-0.9614
72	6445540	208908	-1.0024
72	126941	457193	-0.8619
72	6445540	2094	-0.9538
72	6445540	5426	-1.117
72	2723601	6194	-0.9396
72	5746	3950	-0.8915
72	6194	5799	-0.7967
72	5360373	4212	-0.9029
72	3385	6194	-0.8785
72	6445540	2733526	-1.0573
72	387447	4842	-0.8609
72	13342	2723601	-0.839
72	60700	5352062	-0.9304
72	5360373	104842	-0.8993
72	2767	4842	-0.9055
72	387447	3385	-0.9808
72	6445540	2187	-0.9511
72	126941	104842	-0.9002
72	126941	10113978	-0.9741
72	5746	6194	-0.8887
72	5790	30323	-0.981
72	5746	5284616	-0.8873
72	5453	4212	-0.9139
72	60700	163659	-0.9336
72	261004	6442177	-0.8392
72	2723601	44424639	-0.9073
72	5284616	126941	-0.7359
72	6445540	644241	-0.9959
72	6445540	5311	-0.9081
72	29327	126941	-0.9111
72	460612	5799	-0.8981
72	38904	446556	-0.8837
72	148124	2723601	-0.8791
72	2767	5790	-0.8922
72	5352062	452548	-0.9647
72	13342	446556	-0.8245
72	126941	2123	-0.9583
72	387447	452548	-0.9897
72	60700	2723601	-0.9142
72	126941	42611257	-0.9764
72	5284616	44424639	-0.8376
72	5746	71384	-0.853
72	2708	3385	-0.8391
72	126941	24776445	-0.964
72	387447	36462	-0.9934
72	237	5360373	-0.7826
72	5746	104842	-0.869
72	5360373	457193	-0.9572
72	5746	5790	-0.8733
72	36314	4212	-0.8967
72	2767	104842	-0.9346
72	5360373	38904	-0.9731
72	38904	3385	-0.8585
72	5352062	6194	-0.9719
72	60198	9854073	-0.8254
72	261004	5453	-0.851
72	2723601	71384	-0.8819
72	126941	3062316	-0.8587
72	2767	6857599	-0.8583
72	6442177	30323	-1
72	261004	6857599	-0.8298
72	439693	126941	-0.9747
72	2767	6442177	-0.9352
72	3950	5799	-0.9063
72	71384	9854073	-0.8504
72	176870	126941	-1.0954
72	216239	3385	-0.8913
72	6445540	6253	-0.9268
72	126941	216239	-0.9269
72	104842	36462	-0.9084
72	148124	4212	-0.9009
72	126941	5311	-0.8186
72	4842	4212	-1.009
72	667490	5799	-0.941
72	5352062	71384	-0.8796
72	126941	208908	-0.8856
72	5352062	3950	-0.9495
72	2723601	60198	-0.9069
72	237	4212	-0.953
72	6445540	657237	-0.9896
72	216239	5360373	-0.9076
72	6445540	5394	-0.9943
72	5360373	68740	-0.9051
72	5284616	71384	-0.8255
72	2708	452548	-0.8669
72	5352062	2708	-0.9388
72	4212	216326	-0.9619
72	4033	5360373	-0.9816
72	5360373	20279	-0.9808
72	5360373	60750	-0.923
72	261004	104842	-0.931
72	2708	36462	-0.8808
72	60953	126941	-0.8699
72	5352062	60198	-0.9786
72	387447	5453	-1.0248
72	5790	460612	-0.9596
72	126941	3657	-1.1023
72	104842	452548	-0.9046
72	126941	11626560	-0.9131
72	460612	4212	-1.0292
72	2094	126941	-1.1054
72	261004	5790	-0.8492
72	3385	44424639	-0.8917
72	4033	126941	-0.9912
72	5746	457193	-0.8123
72	387447	5790	-0.9598
72	3385	3950	-0.8596
72	261004	457193	-0.917
72	5453	9854073	-0.9723
72	5453	2723601	-0.8805
72	387447	60953	-0.9731
72	451668	4212	-0.9206
72	667490	446556	-0.8387
72	5746	4842	-0.9338
72	5790	10113978	-1.0229
72	5360373	3657	-0.8823
72	5352062	44424639	-0.8898
72	216239	5799	-0.7714
72	387447	104842	-0.9989
72	5352062	5790	-0.8337
72	11626560	4212	-1.0119
72	452548	31703	-1.0416
72	148121	5360373	-1.0006
72	387447	2708	-1.0492
72	5352062	457193	-0.747
72	6445540	3011155	-0.9893
72	38904	6194	-0.8353
72	30323	4212	-1.045
72	148124	3385	-0.844
72	104842	6194	-0.944
72	5360373	9444	-0.9787
72	126941	132971	-0.9492
72	5746	4033	-0.8801
72	5746	237	-0.9354
72	2767	457193	-0.9842
72	126941	216326	-0.9656
72	667490	452548	-0.855
72	126941	5329102	-0.8985
72	2187	4212	-0.9122
72	5746	6442177	-0.9488
72	60700	3385	-0.88
72	5746	6253	-0.8058
72	452548	36462	-0.9299
72	104842	60198	-0.8833
72	6857599	5352062	-0.9438
72	667490	6194	-0.8794
72	387447	9444	-0.9315
72	4842	9854073	-0.9204
72	454216	5453	-0.9171
72	3902	4212	-0.9224
72	5360373	208908	-0.9713
72	5790	42611257	-1.0198
72	667490	163659	-0.9623
72	2767	60750	-0.9172
72	446556	60198	-0.9327
72	6442177	11626560	-0.9365
72	259331	4212	-0.8932
72	60700	667490	-0.9454
72	5746	9444	-0.908
72	4842	163659	-0.9293
72	5790	216326	-1.001
72	13342	3385	-0.8584
72	387447	60750	-1.0035
72	126941	460612	-0.8969
72	259331	5360373	-1.0095
72	126941	123631	-0.961
72	6445540	4212	-0.9697
72	237	9854073	-1.0022
72	6194	452548	-0.9222
72	38904	2708	-0.8531
72	5978	4212	-1.0186
72	2478	4212	-0.9952
72	5360373	5978	-0.9987
72	3385	60198	-0.8968
72	261004	9444	-0.9023
72	36314	2723601	-0.9029
72	5360373	446556	-0.9158
72	5352062	30323	-0.9311
72	38904	36462	-0.9008
72	38904	452548	-0.9156
72	5746	460612	-0.9553
72	216239	36462	-0.8876
72	387447	44424639	-0.9615
72	104842	3950	-0.9966
72	644241	4212	-1.0596
72	6857599	163659	-1.015
72	65628	5360373	-0.915
72	5790	5353562	-0.9754
72	6445540	216239	-1.0037
72	29327	5360373	-1.0038
72	439693	4212	-0.9082
72	2767	5311	-0.9875
72	5790	123631	-1.0214
72	5360373	36314	-0.9764
72	6442177	123631	-1.0188
72	216239	452548	-0.9447
72	29327	4212	-0.9928
72	3385	71384	-0.8477
72	5360373	3011155	-0.9982
72	5790	6450551	-1.0202
72	6445540	68740	-0.9809
72	60700	4842	-0.929
72	71384	446556	-0.8902
72	667490	454216	-1.0185
72	176870	5360373	-1.0449
72	5360373	5329102	-0.9834
72	261004	38904	-0.891
72	5284616	30323	-0.8116
72	104842	44424639	-0.9193
72	5360373	3062316	-1.0196
72	5360373	60953	-1.0151
72	6253	4212	-1.0323
72	126941	3081361	-0.9847
72	60953	4212	-0.9451
72	5360373	5311	-1.0328
72	216239	2708	-0.9132
72	119182	4212	-1.0206
72	104842	71384	-0.9343
72	439693	5360373	-1.1351
72	60700	104842	-1.0425
72	5790	132971	-1.018
72	444795	4212	-0.9434
72	2723601	30323	-0.9595
72	137	4212	-0.8606
72	104741	5360373	-0.854
72	4842	5352062	-0.8773
72	387447	5311	-0.9576
72	163659	5790	-0.9294
72	5360373	5394	-1.0216
72	2723601	5353562	-0.8894
72	5284616	460612	-0.8265
72	38904	3950	-0.8818
72	2723601	460612	-0.9438
72	2723601	11626560	-0.9224
72	6194	71384	-0.9002
72	13342	60198	-0.8551
72	5790	2123	-1.0026
72	5360373	148124	-1.0078
72	30323	9854073	-0.9843
72	261004	2478	-0.9146
72	261004	36314	-0.8938
72	216239	6194	-0.9799
72	3950	36462	-0.9127
72	36462	44424639	-0.9152
72	237	2723601	-0.9017
72	176870	4212	-1.0329
72	5746	148124	-0.9324
72	452548	44424639	-0.9226
72	2767	9444	-0.9538
72	5360373	5291	-1.0273
72	261004	5311	-0.9204
72	5453	3385	-0.8821
72	60700	6857599	-0.927
72	38904	44424639	-0.8951
72	5352062	5453	-0.8897
72	5790	11626560	-0.9854
72	460612	9854073	-0.874
72	2708	6194	-0.9549
72	387447	6194	-1.0643
72	137	5352062	-0.9396
72	36462	60198	-0.9407
72	6445540	119182	-1.0084
72	4033	2723601	-0.9182
72	644241	126941	-0.8642
72	5329102	4212	-0.9878
72	667490	2708	-0.8441
72	387447	457193	-1.0252
72	261004	2578	-0.9395
72	57469	4212	-1.0391
72	60700	5790	-0.951
72	6194	44424639	-0.9183
72	452548	60198	-0.9149
72	2767	29327	-0.9532
72	451668	5360373	-0.9947
72	2478	2723601	-0.9271
72	137	3385	-0.8534
72	148124	36462	-0.8923
72	5352062	38904	-0.8506
72	13342	36462	-0.9023
72	5360373	657237	-1.0057
72	3950	452548	-0.8956
72	387447	6253	-0.9886
72	5353562	5799	-0.9662
72	57469	5360373	-1.1242
72	60700	452548	-0.9357
72	3690	4212	-1.0216
72	5746	137	-0.9861
72	387447	13342	-1.0108
72	38904	60198	-0.9401
72	2723601	25126798	-0.9356
72	5746	11626560	-0.9455
72	36462	71384	-0.9822
72	9854073	11626560	-1.0514
72	36314	9854073	-1.0192
72	5746	132971	-0.9591
72	60700	36462	-0.9306
72	9854073	6450551	-0.9923
72	2578	4212	-0.9489
72	2767	4212	-0.9194
72	5353562	9854073	-0.883
72	261004	6253	-0.9315
72	6445540	9854073	-0.9745
72	163659	38904	-1.0025
72	6857599	60700	-0.9293
72	5746	6450551	-0.9603
72	126941	4211	-0.9227
72	4114	4212	-1.0712
72	6445540	104741	-1.002
72	2767	148121	-0.9712
72	216239	71384	-0.8919
72	216239	60198	-0.9338
72	4212	5035	-1.13
72	137	446556	-0.8766
72	5746	30323	-0.9944
72	5284616	454216	-0.9795
72	5360373	644241	-0.9943
72	2767	3690	-0.984
72	36314	3385	-0.8662
72	4915	5360373	-1.0341
72	387447	451668	-1.0187
72	68740	9854073	-0.9874
72	4842	3385	-0.8931
72	5790	25126798	-1.0403
72	2708	5799	-0.9382
72	5352062	5284616	-0.847
72	216239	44424639	-0.9352
72	451668	2723601	-0.9581
72	5746	2123	-0.9706
72	444795	2723601	-0.967
72	387447	2907	-0.9429
72	5311	4212	-0.9379
72	5746	5394	-0.8719
72	163659	104842	-0.9617
72	5360373	6194	-0.9134
72	104842	30323	-0.9643
72	2767	216239	-0.9741
72	60700	5284616	-1.0037
72	3657	3385	-0.9071
72	29327	2723601	-0.9658
72	237	3385	-0.8938
72	667490	3950	-0.8763
72	667490	44424639	-0.8366
72	5746	657237	-0.8938
72	13342	452548	-0.9101
72	126941	5353562	-0.8673
72	5360373	6253	-1.0098
72	2767	2478	-0.9797
72	5360373	36462	-0.9431
72	126941	11683	-0.9607
72	25126798	9854073	-1.0204
72	119182	2723601	-1.0006
72	261004	216239	-0.9371
72	5746	38904	-1.0473
72	6445540	2723601	-1.0054
72	2187	2723601	-0.9903
72	4033	5352062	-0.9885
72	5284616	2123	-0.8474
72	60700	6194	-0.989
72	261004	644241	-0.963
72	261004	3062316	-0.9394
72	5746	5329102	-1.0023
72	5352062	148124	-0.8267
72	2723601	132971	-0.9642
72	9444	2723601	-0.9654
72	2708	44424639	-0.8942
72	387447	444795	-1.0188
72	2708	60198	-0.9057
72	261004	148124	-0.9699
72	5352062	460612	-0.9723
72	5360373	31703	-1.0031
72	104741	2723601	-0.9962
72	5284616	163659	-0.8392
72	5746	119182	-0.9335
72	5746	25126798	-0.9905
72	216239	3950	-0.9662
72	387447	176870	-1.1193
72	2094	2723601	-0.945
72	5790	3081361	-1.0503
72	6445540	3690	-1.1461
72	2708	71384	-0.8941
72	148124	2708	-0.9146
72	446556	11626560	-0.9032
72	5284616	667490	-0.6715
72	387447	237	-0.9538
72	2478	5352062	-0.957
72	5453	446556	-0.9137
72	148124	60198	-0.9023
72	261004	3902	-0.961
72	60700	4915	-0.5401
72	126941	68740	-1.0996
72	119182	9854073	-1.1088
72	5453	36462	-0.8963
72	2767	451668	-0.9932
72	6445540	5978	-1.0065
72	4033	4212	-0.9889
72	5746	31703	-1.0439
72	5453	452548	-0.9221
72	20279	2723601	-0.9607
72	2907	5360373	-0.8818
72	3902	2723601	-1.0044
72	163659	452548	-0.9056
72	2767	36314	-1.0177
72	261004	20279	-0.9357
72	2723601	24776445	-0.9645
72	5746	3011155	-1.006
72	439693	2723601	-0.9532
72	2767	176870	-0.9736
72	259331	5352062	-0.9718
72	60700	6442177	-0.9294
72	5746	36314	-0.9222
72	387447	644241	-0.9658
72	163659	6442177	-1.0059
72	261004	60750	-0.9242
72	5746	5426	-1.0405
72	2767	644241	-0.9919
72	3950	60198	-0.9253
72	38904	71384	-0.9377
72	451668	5799	-0.9726
72	5284616	5353562	-0.8423
72	2123	9854073	-0.9068
72	2767	2187	-0.9763
72	2907	5746	-0.9935
72	5746	644241	-1.0165
72	387447	2733526	-1.1471
72	2767	3657	-0.9666
72	11626560	2723601	-1.0969
72	29327	5352062	-0.9577
72	60700	60198	-0.923
72	261004	439693	-0.9622
72	137	454216	-0.9049
72	261004	148121	-1.0077
72	2767	657237	-0.9693
72	148124	452548	-0.8744
72	446556	6450551	-0.906
72	38904	30323	-0.8934
72	2123	5799	-0.9395
72	6442177	104842	-0.8049
72	60198	5799	-0.9702
72	4915	2723601	-0.9838
72	387447	38904	-0.9532
72	261004	31703	-0.9565
72	5746	5035	-0.9683
72	5746	2733526	-0.9101
72	60700	137	-0.9807
72	60700	9444	-0.9659
72	60700	38904	-0.9872
72	2767	5978	-1.0029
72	3690	5360373	-1.0304
72	3950	44424639	-0.9008
72	4211	4212	-1.0947
72	2907	126941	-1.0075
72	261004	451668	-0.9911
72	452548	71384	-0.9669
72	4033	454216	-1.0102
72	5352062	6253	-0.8592
72	5394	2723601	-0.9856
72	2907	5799	-0.9458
72	3385	11626560	-0.9025
72	60700	60750	-1.0225
72	6857599	446556	-0.9295
72	5329102	9854073	-0.9755
72	9854073	25126798	-1.0202
72	2767	13342	-0.9861
72	4114	5799	-0.9878
72	6445540	4211	-1.0117
72	2767	3011155	-0.9853
72	119182	126941	-0.9126
72	163659	36462	-0.8983
72	60700	237	-0.9712
72	2767	65628	-0.9907
72	5360373	60198	-0.9417
72	444795	9854073	-1.1114
72	261004	68740	-0.9775
72	104741	4212	-0.9384
72	2767	2141	-0.9604
72	5453	2708	-0.903
72	71384	5799	-1.0916
72	5746	3062316	-1.0445
72	4842	667490	-0.9353
72	3385	216326	-0.9248
72	2723601	11683	-0.9639
72	60750	2723601	-0.9932
72	261004	65628	-0.9808
72	261004	3690	-0.9894
72	2767	4033	-1.0279
72	5352062	132971	-0.9727
72	457193	2723601	-0.9805
72	2767	5394	-0.9447
72	5746	4211	-0.9157
72	36314	446556	-0.9466
72	60700	5394	-1.0146
72	387447	137	-0.9548
72	137	452548	-0.8837
72	60700	5453	-1.0564
72	454216	6442177	-1.0419
72	454216	4212	-0.9133
72	163659	5453	-0.9745
72	2907	9854073	-1.024
72	460612	452548	-0.9545
72	163659	36314	-0.9772
72	261004	208908	-1.0042
72	3657	2723601	-0.9325
72	5978	3385	-0.9272
72	5035	5799	-1.0129
72	454216	36314	-0.9567
72	5311	446556	-0.9879
72	644241	2723601	-1.0096
72	60750	446556	-1.017
72	261004	5426	-0.9762
72	3385	5353562	-0.9057
72	5284616	216326	-0.8695
72	2767	2733526	-0.9994
72	71384	60198	-0.9427
72	261004	4915	-0.9473
72	163659	457193	-1.0084
72	5284616	123631	-0.9385
72	261004	137	-0.9203
72	657237	2723601	-0.9984
72	163659	9444	-1.001
72	9444	454216	-0.9727
72	5746	2094	-1.0482
72	261004	2662	-0.9972
72	3385	6450551	-0.902
72	5746	208908	-1.0191
72	261004	4033	-0.9111
72	104842	460612	-1.0339
72	6857599	3385	-0.9161
72	2141	5799	-1.0324
72	104741	5799	-0.9712
72	29327	163659	-0.952
72	13342	5799	-1.005
72	2723601	5035	-0.9943
72	60700	44424639	-0.9286
72	2767	208908	-1.012
72	5746	2187	-1.0687
72	2187	5360373	-1.03
72	2478	3385	-0.9052
72	5746	4915	-0.9268
72	2187	5799	-0.9941
72	5746	2662	-1.0313
72	5352062	25126798	-0.9466
72	5352062	5353562	-0.9849
72	2123	4212	-0.9808
72	3690	5799	-0.9922
72	387447	2578	-0.9425
72	2767	5329102	-1.0183
72	439693	5799	-1.1345
72	261004	3657	-0.983
72	3385	10113978	-0.9034
72	5284616	132971	-1.0116
72	5453	6194	-0.9309
72	261004	2141	-0.9886
72	5352062	10113978	-0.9783
72	3657	5799	-1.0045
72	4114	5352062	-1.0001
72	60700	3950	-1.0098
72	2767	5291	-1.0081
72	454216	3385	-0.9171
72	13342	44424639	-0.9346
72	9444	446556	-0.9794
72	387447	36314	-1.1467
72	29327	9854073	-0.9719
72	237	36462	-0.8948
72	13342	3950	-0.8941
72	2767	2094	-1.0182
72	57469	5799	-1.0672
72	6442177	5790	-0.8621
72	36314	452548	-0.9379
72	3385	25126798	-0.8944
72	148124	3950	-0.9617
72	5352062	24776445	-0.9655
72	3657	452548	-1.0136
72	3385	132971	-0.924
72	163659	60198	-0.931
72	6253	3385	-0.9396
72	259331	446556	-0.9992
72	5352062	3081361	-0.9442
72	3385	30323	-0.9742
72	6253	2723601	-0.938
72	5352062	5978	-0.8601
72	237	452548	-0.9271
72	667490	104842	-0.9775
72	2767	60953	-1.0098
72	148124	44424639	-0.9074
72	2767	104741	-0.9878
72	261004	2907	-1.0102
72	261004	3011155	-1.0111
72	208908	5352062	-0.9125
72	60700	148124	-0.9866
72	2187	3385	-0.9313
72	2723601	42611257	-0.9593
72	2094	3385	-0.9243
72	29327	454216	-0.9882
72	5360373	2708	-0.8729
72	3902	446556	-0.9975
72	5746	20279	-0.8738
72	446556	123631	-1.0136
72	57469	5352062	-0.977
72	2578	2723601	-0.9865
72	3385	31703	-0.9505
72	4211	5352062	-0.9502
72	6857599	36462	-0.9387
72	5311	454216	-0.8818
72	3011155	4212	-0.9298
72	3385	123631	-0.9489
72	5746	216326	-0.9571
72	446556	3081361	-0.9272
72	104842	42611257	-0.9471
72	3062316	5352062	-0.9125
72	60700	2478	-0.9885
72	137	2708	-0.8496
72	644241	3385	-0.9383
72	2733526	2723601	-0.9706
72	68740	3385	-0.9432
72	261004	5978	-0.9944
72	148121	4212	-0.935
72	5360373	2662	-1.0201
72	261004	119182	-0.9966
72	261004	13342	-0.9928
72	6857599	667490	-0.9412
72	163659	2723601	-0.886
72	38904	460612	-0.9421
72	457193	4212	-0.9914
72	2141	5352062	-0.9644
72	71384	44424639	-0.8963
72	60953	446556	-1.0028
72	104741	446556	-0.9953
72	237	2708	-0.8965
72	4211	5799	-1.0299
72	163659	20279	-0.9969
72	2767	6253	-0.9782
72	176870	5352062	-1.0011
72	667490	71384	-0.8709
72	3657	6194	-0.9612
72	5352062	13342	-0.8619
72	2767	31703	-1.079
72	2578	5746	-0.8391
72	9444	3385	-0.9441
72	5352062	42611257	-0.9699
72	3385	3081361	-0.9128
72	104741	3385	-0.9157
72	3011155	126941	-0.9643
72	2662	3385	-0.9226
72	261004	104741	-1.0164
72	148121	163659	-0.9933
72	4114	446556	-0.9822
72	3950	71384	-0.9307
72	148121	3385	-0.9351
72	2123	36462	-0.9127
72	451668	454216	-0.9742
72	60700	5426	-0.5701
72	3385	24776445	-0.9074
72	387447	2478	-0.9441
72	3011155	2723601	-0.9905
72	5352062	3011155	-0.889
72	5352062	2733526	-0.8954
72	148121	9854073	-0.9421
72	163659	5311	-1.0458
72	104842	24776445	-0.9715
72	5352062	5035	-0.9466
72	11626560	60198	-0.9398
72	5353562	36462	-0.9322
72	5360373	44424639	-0.9194
72	4114	163659	-0.9905
72	60700	2733526	-1.0714
72	60700	439693	-0.9603
72	5426	163659	-0.9692
72	9854073	132971	-1.0402
72	439693	3385	-0.9424
72	452548	216326	-0.9338
72	452548	11626560	-0.9824
72	60700	3690	-0.968
72	3062316	2723601	-1.0693
72	2907	5352062	-1.0206
72	68740	446556	-0.9611
72	36462	11626560	-0.9738
72	3657	60198	-0.9283
72	667490	5453	-1.012
72	387447	30323	-1.0025
72	261004	60953	-1.0523
72	65628	5352062	-0.9822
72	2578	3385	-0.9444
72	237	6194	-0.9232
72	68740	5352062	-0.9656
72	5284616	25126798	-1.0279
72	3690	163659	-0.9723
72	104842	10113978	-0.9498
72	5329102	446556	-1.0245
72	5352062	119182	-0.8978
72	5394	3385	-0.9389
72	60700	13342	-1.0325
72	60700	657237	-1.0305
72	60700	3657	-1.0388
72	30323	452548	-1.0442
72	60750	4212	-1.0309
72	460612	36462	-0.9731
72	104842	3081361	-0.9508
72	42611257	2723601	-1.1011
72	65628	3385	-0.9464
72	387447	20279	-0.9496
72	60700	57469	-0.9576
72	3657	446556	-1.0022
72	57469	163659	-0.9901
72	460612	6194	-1.0266
72	4842	60198	-0.9208
72	104842	123631	-1.0589
72	439693	163659	-1.0318
72	4211	2723601	-0.9746
72	36462	216326	-0.9563
72	2708	30323	-0.9654
72	60700	31703	-0.9951
72	13342	163659	-1.0006
72	163659	2708	-0.8818
72	30323	36462	-1.0454
72	2767	3385	-0.9528
72	148124	454216	-0.902
72	29327	5799	-0.9137
72	3011155	3385	-0.9479
72	36462	31703	-1.0991
72	446556	132971	-0.8829
72	60700	71384	-0.9748
72	6442177	457193	-0.7981
72	163659	68740	-0.9852
72	5360373	3950	-0.8934
72	2733526	3385	-0.9492
72	454216	60750	-1.1378
72	2478	36462	-0.9233
72	163659	446556	-0.9254
72	60700	216239	-1.0181
72	163659	5394	-1.0187
72	6194	30323	-1.0201
72	216239	460612	-0.9645
72	6857599	60198	-0.9551
72	163659	4212	-1.0458
72	4842	5790	-0.936
72	2907	4212	-1.1004
72	2767	148124	-0.9431
72	259331	5746	-1.1137
72	452548	132971	-0.9709
72	42611257	3385	-0.9813
72	667490	3062316	-0.8259
72	4842	36462	-0.9246
72	2723601	3081361	-0.958
72	60700	68740	-1.0069
72	5353562	452548	-0.9032
72	104842	2123	-1.043
72	60700	2141	-0.9702
72	6442177	5284616	-0.7389
72	4915	3385	-0.9581
72	2708	11626560	-0.9294
72	2141	3385	-0.9609
72	6253	36462	-0.9657
72	451668	452548	-0.9749
72	657237	3385	-0.9592
72	5453	44424639	-0.9068
72	13342	5352062	-0.9245
72	3062316	3385	-0.9894
72	31703	5799	-1.0962
72	2187	452548	-0.9637
72	11626560	452548	-1.0551
72	60700	4211	-1.0427
72	237	454216	-0.8674
72	444795	452548	-0.9982
72	163659	657237	-0.9978
72	2478	452548	-0.9856
72	137	163659	-0.9597
72	6445540	3385	-0.9607
72	5426	2723601	-1.0792
72	457193	3385	-0.949
72	163659	208908	-1.0112
72	65628	446556	-0.9523
72	5978	36462	-0.9567
72	208908	3385	-0.9756
72	5311	452548	-1.0028
72	444795	36462	-0.9696
72	3690	3385	-0.9627
72	208908	4212	-1.1084
72	259331	36462	-0.9314
72	5284616	11683	-0.9434
72	4211	446556	-1.0165
72	452548	6450551	-0.969
72	30323	31703	-0.9836
72	5978	452548	-0.9869
72	11626560	36462	-1.0317
72	4033	3385	-0.9281
72	454216	3902	-1.0808
72	38904	11626560	-0.9607
72	451668	3385	-0.9279
72	5790	11683	-1.0109
72	237	60198	-0.9889
72	439693	446556	-0.9858
72	6445540	452548	-0.9915
72	60700	208908	-1.0107
72	2187	5352062	-0.8843
72	176870	5746	-0.9505
72	163659	5329102	-1.038
72	3385	11683	-0.9387
72	4842	2708	-0.9265
72	20279	3385	-0.947
72	3657	163659	-1.0072
72	104842	5035	-0.9595
72	2907	163659	-1.0104
72	104842	5790	-0.9265
72	4033	452548	-0.9803
72	2767	446556	-0.975
72	119182	163659	-0.9988
72	5453	60198	-0.9571
72	454216	657237	-1.054
72	454216	5978	-1.1219
72	137	667490	-1.0097
72	6253	60198	-0.9027
72	216239	11626560	-0.9579
72	29327	6194	-0.991
72	163659	3902	-1.0379
72	454216	452548	-0.9709
72	60198	11626560	-0.9331
72	667490	457193	-1.0312
72	104842	5284616	-0.9305
72	5329102	3385	-0.9449
72	2478	667490	-0.9061
72	148124	71384	-0.9034
72	5746	24776445	-0.9678
72	5311	3385	-0.9292
72	2094	36462	-0.932
72	36462	6450551	-0.9968
72	163659	5291	-1.0361
72	5284616	5035	-1.0922
72	3690	2723601	-0.9826
72	439693	5746	-0.7601
72	60700	3011155	-1.0188
72	148121	5799	-0.9543
72	216239	6450551	-0.9268
72	3902	36462	-0.9456
72	4211	3385	-0.961
72	36314	36462	-0.9124
72	2767	259331	-1.0094
72	4211	163659	-1.0254
72	5978	6194	-1.0093
72	454216	13342	-1.0301
72	2187	163659	-0.9868
72	216239	216326	-0.9705
72	36462	123631	-1.0387
72	5311	6194	-1.0014
72	6253	6194	-0.9374
72	452548	123631	-1.0222
72	2123	6194	-0.963
72	137	36462	-0.8462
72	6445540	6194	-1.0282
72	261004	3385	-0.9799
72	104741	163659	-1.01
72	4033	6194	-1.0131
72	5352062	36314	-0.8055
72	29327	2708	-0.9481
72	454216	446556	-0.9711
72	2708	25126798	-0.9494
72	4842	5284616	-0.9693
72	42611257	9854073	-1.0271
72	2767	3062316	-0.992
72	6445540	36462	-0.9811
72	5311	2708	-0.9627
72	387447	439693	-0.998
72	6442177	5453	-0.8099
72	5311	5352062	-1.0361
72	36314	3950	-0.888
72	119182	452548	-0.99
72	60700	29327	-0.507
72	38904	132971	-0.9454
72	667490	11626560	-0.9031
72	387447	2094	-0.9625
72	5291	3385	-0.9879
72	4842	104842	-0.9118
72	163659	444795	-1.083
72	5978	2708	-0.9537
72	451668	2708	-0.9111
72	261004	259331	-1.0613
72	3902	452548	-0.9871
72	454216	2708	-0.8632
72	2767	68740	-0.9947
72	5453	3950	-0.9379
72	454216	2662	-1.0386
72	57469	5746	-1.015
72	4114	5746	-0.9985
72	444795	6194	-0.9882
72	446556	5035	-0.9154
72	439693	454216	-1.025
72	454216	6194	-0.8552
72	2767	57469	-0.962
72	36462	25126798	-1.0021
72	2187	36462	-0.9543
72	6253	2708	-0.899
72	104741	454216	-1.0675
72	2094	452548	-0.9824
72	137	44424639	-0.8658
72	2578	36462	-0.9785
72	148121	452548	-1.017
72	60700	444795	-1.1008
72	9444	36462	-0.9601
72	6194	132971	-1.0224
72	20279	36462	-0.974
72	176870	454216	-1.0133
72	36314	44424639	-0.8974
72	387447	31703	-0.9869
72	237	5790	-0.8978
72	60700	2662	-1.0165
72	2578	5352062	-0.9607
72	163659	6253	-1.0034
72	60700	2187	-1.0102
72	444795	60198	-0.946
72	9444	6194	-0.9872
72	60700	104741	-1.0031
72	2662	452548	-0.9978
72	65628	454216	-0.8352
72	148121	2723601	-1.0401
72	68740	2723601	-0.9816
72	2478	2708	-0.9676
72	667490	30323	-0.9185
72	2578	452548	-1.0135
72	2708	2123	-0.921
72	2767	3902	-0.9771
72	148121	36462	-0.9807
72	60700	36314	-1.1758
72	2708	5353562	-0.9496
72	2767	439693	-0.973
72	60700	11626560	-0.9092
72	4033	667490	-1.0045
72	454216	208908	-1.0886
72	454216	644241	-1.1115
72	65628	452548	-1.009
72	36462	24776445	-1.0062
72	216239	10113978	-0.9515
72	452548	24776445	-0.9998
72	5284616	457193	-0.8113
72	57469	454216	-0.9778
72	4033	2708	-0.9385
72	20279	452548	-1.0038
72	5291	2723601	-1.0448
72	5746	3902	-1.055
72	5426	5799	-0.9557
72	176870	5799	-0.9822
72	2187	2708	-0.9431
72	5360373	71384	-0.9355
72	5746	148121	-1.0325
72	387447	460612	-1.0771
72	3690	452548	-1.0048
72	387447	11626560	-0.9273
72	457193	36462	-0.9651
72	5746	65628	-0.9226
72	2733526	452548	-1.0057
72	667490	216326	-0.9289
72	237	44424639	-0.9888
72	452548	3081361	-0.9916
72	5746	216239	-1.0182
72	261004	57469	-1.008
72	667490	38904	-1.0047
72	3902	6194	-0.9652
72	5746	42611257	-0.9781
72	216239	2123	-0.9813
72	65628	36462	-0.9945
72	38904	2123	-0.9509
72	3690	9854073	-1.0347
72	237	667490	-0.9267
72	4842	3950	-1.0104
72	5978	60198	-0.992
72	38904	25126798	-0.9421
72	38904	123631	-0.9951
72	2662	36462	-0.967
72	3902	2708	-0.9287
72	9444	2708	-0.967
72	2708	3081361	-0.9516
72	457193	452548	-0.9852
72	451668	5746	-1.0364
72	446556	31703	-0.9431
72	30323	60198	-1.1013
72	2733526	36462	-0.9939
72	2907	3385	-0.9616
72	5352062	20279	-0.8466
72	387447	657237	-0.9691
72	387447	5394	-1.0424
72	667490	9444	-1.0392
72	42611257	452548	-1.0588
72	36462	42611257	-0.995
72	3950	30323	-0.9962
72	5353562	60198	-0.9355
72	2767	6194	-0.9784
72	457193	446556	-0.9881
72	5394	452548	-1.012
72	65628	2723601	-0.8627
72	261004	176870	-1.0031
72	667490	6450551	-0.9252
72	104842	216326	-0.9654
72	451668	60198	-1.0003
72	36462	3081361	-1.0176
72	3011155	36462	-0.973
72	454216	5291	-1.1955
72	5799	68740	-0.9635
72	2767	4915	-0.998
72	4842	6442177	-0.9132
72	30323	44424639	-1.0606
72	4915	452548	-1.0132
72	6857599	3950	-0.9288
72	65628	6194	-0.9354
72	60750	667490	-0.6009
72	60750	36462	-0.9813
72	68740	2708	-0.8623
72	5353562	44424639	-0.9069
72	667490	5311	-0.995
72	6857599	5790	-0.9351
72	42611257	36462	-1.0198
72	452548	5035	-1.0054
72	137	6194	-0.8825
72	176870	36462	-0.9862
72	387447	148121	-0.976
72	6857599	5284616	-1.0309
72	13342	460612	-0.8879
72	2578	163659	-1.0227
72	31703	163659	-1.0925
72	3011155	452548	-0.9848
72	5035	9854073	-0.9981
72	60750	5790	-0.7541
72	3385	42611257	-0.9193
72	60700	5311	-0.9894
72	4114	2723601	-0.9721
72	2708	42611257	-0.9605
72	3062316	36462	-1.0248
72	6445540	60198	-0.9929
72	5329102	36462	-0.9826
72	60198	25126798	-0.9481
72	60750	6194	-1.0046
72	11683	452548	-1.047
72	216239	25126798	-0.9372
72	65628	2708	-0.8917
72	667490	460612	-0.8889
72	4033	60198	-0.9866
72	454216	60198	-0.9663
72	44424639	11626560	-1.0179
72	208908	36462	-1.0071
72	104842	6450551	-0.9357
72	457193	6194	-0.9884
72	657237	36462	-0.9909
72	6194	3081361	-1.025
72	261004	5291	-0.9912
72	4915	446556	-0.8753
72	387447	5329102	-0.9471
72	439693	2708	-0.9104
72	60700	30323	-0.9677
72	387447	4211	-1.0503
72	3011155	2708	-0.9725
72	2662	2708	-0.9385
72	2578	6194	-1.0566
72	2708	10113978	-0.9857
72	259331	667490	-0.9397
72	104741	2708	-0.9572
72	57469	2708	-0.9822
72	4114	2708	-0.9099
72	3950	11626560	-0.9897
72	3011155	446556	-1.0135
72	176870	3385	-0.9537
72	20279	2708	-0.9693
72	9444	60198	-0.9771
72	208908	6194	-1.0679
72	36314	6194	-0.8828
72	5394	2708	-1.0075
72	38904	42611257	-0.9805
72	60198	6450551	-0.9679
72	667490	148121	-0.9921
72	38904	24776445	-0.9714
72	176870	667490	-1.0187
72	5291	452548	-1.0762
72	667490	10113978	-0.9346
72	60700	216326	-0.9748
72	457193	2708	-0.9475
72	11683	36462	-1.0455
72	5426	3385	-1.0938
72	60953	3385	-0.9329
72	6194	42611257	-1.0482
72	5426	5352062	-0.9877
72	2578	2708	-1.0066
72	163659	148124	-1.009
72	38904	3081361	-0.9974
72	237	3950	-0.9626
72	4114	6194	-0.9751
72	36314	2708	-0.8912
72	216239	3081361	-0.9654
72	60198	123631	-0.9899
72	644241	60198	-1.0046
72	9444	3950	-0.9815
72	3062316	6194	-1.0969
72	2723601	31703	-0.9036
72	6194	11626560	-1.0051
72	5311	44424639	-0.9167
72	4842	457193	-0.911
72	5426	667490	-0.9784
72	6857599	2708	-0.8614
72	42611257	6194	-1.1012
72	6857599	104842	-1.0664
72	2733526	2708	-0.9046
72	4033	36462	-0.9566
72	451668	36462	-0.9727
72	6857599	4842	-0.9597
72	36462	5035	-1.0266
72	667490	123631	-0.9668
72	667490	42611257	-0.9146
72	4114	667490	-1.0067
72	2094	60198	-0.9884
72	4211	452548	-1.0118
72	5360373	30323	-0.91
72	439693	60198	-0.9928
72	4033	104842	-0.9681
72	5311	3950	-0.9541
72	60198	3081361	-0.9953
72	104842	5453	-1.0483
72	261004	2094	-1.0135
72	4114	3385	-0.9407
72	667490	24776445	-0.9409
72	2123	452548	-0.9185
72	4211	36462	-0.9973
72	5426	36462	-1.0731
72	5352062	2123	-0.9467
72	5453	71384	-0.9084
72	5978	44424639	-0.9677
72	6253	44424639	-0.9585
72	148121	5352062	-1.1271
72	5291	36462	-1.0074
72	6253	452548	-0.9838
72	216239	5035	-0.9568
72	5329102	6194	-1.0552
72	60700	6450551	-0.9436
72	657237	2708	-0.9742
72	9444	5790	-0.9584
72	6857599	6442177	-0.9551
72	5311	36462	-0.9447
72	667490	216239	-0.9993
72	2123	3950	-0.951
72	60953	2708	-0.9782
72	667490	20279	-1.0389
72	5978	3950	-0.9755
72	451668	5352062	-0.9757
72	237	5453	-0.8053
72	2478	44424639	-0.9495
72	60198	24776445	-0.9835
72	60953	60198	-0.9645
72	216326	5799	-1.0154
72	104842	11683	-1.0673
72	454216	44424639	-0.9326
72	44424639	6450551	-0.9948
72	60750	2708	-0.9761
72	13342	11626560	-1.0577
72	2662	60198	-0.9624
72	2907	6194	-1.0312
72	460612	44424639	-0.9777
72	65628	60198	-1.0033
72	4114	60198	-0.9473
72	261004	2733526	-0.999
72	3690	60198	-0.9862
72	36314	5790	-0.9415
72	11626560	2708	-1.0995
72	11683	5799	-1.0022
72	176870	60700	-0.9939
72	5394	60198	-0.9912
72	29327	44424639	-0.9501
72	5284616	5453	-0.7395
72	11626560	3950	-1.0813
72	2578	60198	-0.9985
72	36314	60198	-0.9445
72	3062316	2708	-1.0664
72	439693	5352062	-0.9859
72	2478	3950	-0.9773
72	667490	5035	-0.9305
72	667490	3081361	-0.9316
72	6194	5035	-1.1025
72	261004	2708	-0.9267
72	60198	5035	-0.9997
72	104842	25126798	-0.9549
72	451668	667490	-0.9956
72	261004	444795	-0.9149
72	36314	71384	-0.9148
72	2733526	60198	-0.9897
72	216239	11683	-0.9991
72	4211	2708	-0.9248
72	42611257	2708	-1.0625
72	5291	6194	-1.0787
72	5284616	6253	-0.8249
72	4842	60750	-0.8632
72	5352062	657237	-0.8847
72	216239	5352062	-0.8612
72	38904	5035	-1.0022
72	44424639	132971	-1.0453
72	3011155	60198	-0.9757
72	29327	36462	-0.9514
72	4842	71384	-0.9431
72	2141	60198	-0.7687
72	6253	3950	-1.0089
72	208908	60198	-1.0014
72	60700	65628	-1.0805
72	454216	3950	-0.9382
72	29327	452548	-0.9792
72	60700	24776445	-0.9591
72	259331	454216	-1.0298
72	439693	3950	-0.9218
72	176870	60198	-0.9992
72	259331	3950	-0.7847
72	387447	132971	-0.9474
72	644241	3950	-1.0232
72	60700	10113978	-0.9429
72	137	3950	-0.9064
72	148124	30323	-0.9049
72	65628	3950	-0.9351
72	38904	6450551	-0.9503
72	4211	60198	-0.9527
72	2187	3950	-0.9444
72	60953	667490	-0.8521
72	60198	42611257	-0.9949
72	38904	11683	-0.9897
72	5426	6194	-1.1268
72	2478	5790	-0.9399
72	30323	71384	-1.0797
72	104741	3950	-0.9567
72	667490	68740	-1.0559
72	148124	5790	-0.9722
72	451668	60700	-1.0115
72	60700	42611257	-0.9414
72	657237	60198	-1.0053
72	4033	3950	-1.0062
72	148121	3950	-0.9956
72	5353562	71384	-0.9029
72	104842	38904	-1.0267
72	6445540	44424639	-1.004
72	667490	132971	-0.9196
72	3902	3950	-0.9483
72	644241	163659	-0.9018
72	216239	163659	-0.9781
72	60750	457193	-0.9117
72	163659	3062316	-1.0589
72	2094	667490	-1.0297
72	460612	31703	-0.939
72	5352062	5394	-0.8354
72	60700	5978	-0.9919
72	9444	44424639	-0.9731
72	667490	36314	-1.0953
72	667490	5329102	-1.0179
72	60700	2123	-1.0229
72	4211	5790	-0.9153
72	644241	36462	-0.9736
72	9444	104842	-1.0695
72	6194	5353562	-0.9633
72	454216	36462	-0.9726
72	13342	10113978	-1.0529
72	2578	5790	-0.9151
72	104741	44424639	-0.992
72	36314	5284616	-0.9265
72	104842	60750	-1.0603
72	60700	3081361	-0.9533
72	13342	25126798	-0.9814
72	119182	36462	-0.9694
72	3657	5352062	-0.9685
72	237	6442177	-0.8904
72	667490	5394	-1.0692
72	163659	3385	-0.9279
72	667490	5978	-1.0719
72	60750	3385	-0.9432
72	60700	4114	-0.5144
72	68740	36462	-0.7093
72	2708	132971	-0.9699
72	3657	36462	-0.9561
72	667490	657237	-1.045
72	137	5790	-0.9782
72	5352062	644241	-0.8598
72	5311	5790	-0.981
72	71384	216326	-0.9284
72	3657	3950	-0.9859
72	60953	3950	-0.9578
72	2478	104842	-0.9044
72	2094	5352062	-0.9806
72	2578	44424639	-0.9823
72	13342	2123	-0.9698
72	176870	163659	-0.9734
72	4842	237	-0.9231
72	2094	3950	-0.9752
72	148124	460612	-0.961
72	644241	452548	-1.0296
72	3950	10113978	-1.027
72	4842	4033	-0.9793
72	2767	44424639	-0.9553
72	3950	24776445	-1.0091
72	6445540	2708	-0.9755
72	387447	10113978	-0.9337
72	2123	71384	-0.898
72	667490	2733526	-1.0431
72	4915	163659	-0.9808
72	5291	60198	-1.022
72	5329102	5352062	-0.8391
72	4033	5790	-0.9999
72	5352062	60953	-0.9298
72	42611257	44424639	-1.0177
72	3950	25126798	-1.0138
72	60700	3902	-1.005
72	2478	60198	-0.9838
72	460612	71384	-0.9722
72	667490	13342	-1.0696
72	2094	163659	-0.9876
72	667490	6253	-1.0363
72	216239	123631	-0.973
72	9444	452548	-0.9959
72	38904	10113978	-0.9262
72	6857599	457193	-1.078
72	387447	2123	-1.0973
72	452548	25126798	-0.9794
72	2767	452548	-0.9765
72	452548	10113978	-0.9987
72	5311	60198	-0.9873
72	57469	44424639	-0.959
72	60700	5329102	-0.9587
72	2478	5284616	-0.9395
72	2907	667490	-1.0162
72	439693	36462	-0.9773
72	454216	31703	-1.2697
72	3690	454216	-1.0001
72	60700	644241	-1.0129
72	68740	452548	-0.7411
72	65628	163659	-1.0083
72	176870	44424639	-1.0037
72	667490	2187	-1.0346
72	60700	2094	-1.0098
72	119182	3950	-1.044
72	4114	44424639	-1.0065
72	5360373	460612	-0.9513
72	667490	4211	-1.098
72	3011155	3950	-0.9795
72	439693	452548	-0.9902
72	104842	36314	-1.009
72	11683	60198	-0.9815
72	387447	5353562	-1.1149
72	2578	104842	-1.0674
72	5352062	2662	-0.9046
72	44424639	3081361	-1.0601
72	387447	3081361	-0.92
72	163659	2733526	-1.0282
72	5394	44424639	-0.9804
72	3950	42611257	-1.0007
72	5329102	3950	-1.0045
72	451668	44424639	-0.9377
72	13342	5035	-1.0446
72	5311	71384	-0.9625
72	5352062	2187	-0.8623
72	104741	5352062	-0.9583
72	4842	38904	-0.8882
72	60750	3902	-0.8292
72	176870	452548	-1.0237
72	439693	104842	-1.0469
72	29327	667490	-0.9745
72	2907	454216	-0.9497
72	104741	452548	-0.9783
72	667490	5353562	-0.8472
72	667490	5291	-1.0817
72	5329102	44424639	-1.0031
72	148124	216326	-0.9295
72	451668	104842	-0.867
72	2578	4842	-0.9393
72	71384	11626560	-0.983
72	4114	454216	-1.1501
72	259331	4842	-0.8572
72	4114	3950	-0.9866
72	4842	216239	-0.8209
72	5352062	11683	-1.0121
72	3657	5790	-0.9804
72	42611257	3950	-1.0556
72	237	60750	-0.8149
72	68740	454216	-0.7268
72	454216	3011155	-1.2433
72	208908	44424639	-1.0678
72	104842	148124	-0.9819
72	452548	42611257	-0.9978
72	148124	42611257	-0.9535
72	4033	44424639	-0.9412
72	2141	44424639	-0.9803
72	3690	36462	-0.9811
72	2767	36462	-0.966
72	208908	5790	-0.978
72	68740	6194	-0.7963
72	457193	44424639	-1.0034
72	6442177	60750	-0.8261
72	2187	6194	-0.9431
72	119182	667490	-0.8
72	259331	6194	-0.8822
72	4033	6442177	-0.9686
72	4842	137	-0.9238
72	148124	132971	-1.0789
72	2708	24776445	-0.952
72	3950	5035	-1.0314
72	60750	44424639	-0.998
72	29327	60198	-0.9772
72	148124	5284616	-0.9446
72	60198	132971	-0.9684
72	60750	5453	-0.7135
72	5978	71384	-0.9508
72	68740	5790	-0.9815
72	6442177	38904	-0.8548
72	2478	71384	-0.9633
72	137	5453	-0.9205
72	44424639	5035	-1.0259
72	29327	5284616	-0.9706
72	3690	3950	-1.0087
72	5394	6194	-1.0678
72	6194	10113978	-1.0423
72	4033	71384	-0.9684
72	2141	36462	-0.9835
72	2141	452548	-1.0031
72	457193	3950	-0.9994
72	6857599	71384	-0.9575
72	439693	6194	-0.9004
72	119182	2708	-1.0043
72	261004	44424639	-0.9473
72	11683	446556	-0.9649
72	163659	2662	-1.0405
72	60750	452548	-1.002
72	387447	24776445	-0.9244
72	387447	25126798	-0.9197
72	3062316	5790	-1.0149
72	4114	5790	-0.9907
72	4842	20279	-0.9564
72	6194	24776445	-1.0365
72	3690	6194	-0.9897
72	444795	71384	-0.9597
72	259331	2708	-0.9398
72	2578	5284616	-1.0202
72	4842	148121	-0.9019
72	451668	5790	-0.9982
72	3011155	5790	-0.9449
72	104741	6194	-0.9668
72	3690	6857599	-0.7531
72	2478	6442177	-0.9379
72	5426	44424639	-1.0583
72	11626560	71384	-0.9947
72	6253	71384	-0.9771
72	5426	452548	-1.0673
72	29327	3950	-0.9891
72	20279	6194	-1.0017
72	3950	132971	-1.0303
72	148121	2708	-1.0052
72	216239	5790	-0.9638
72	176870	6194	-1.0116
72	4033	5284616	-0.9105
72	36314	5453	-0.9516
72	2141	104842	-1.0384
72	176870	5790	-1.0237
72	29327	71384	-0.9553
72	20279	60198	-0.9713
72	13342	5790	-0.9481
72	2141	5790	-0.965
72	6857599	237	-0.9761
72	57469	6194	-1.0342
72	4211	44424639	-1.034
72	5426	60198	-0.9188
72	68740	3950	-0.7446
72	148124	3081361	-1.043
72	6857599	137	-0.9578
72	5284616	38904	-0.6325
72	667490	31703	-1.1441
72	6857599	60750	-1.0856
72	5426	5790	-0.988
72	5291	44424639	-1.0859
72	71384	132971	-1.0012
72	4114	4842	-1.0276
72	148121	60198	-0.9881
72	5360373	11626560	-0.8549
72	444795	3950	-1.0061
72	2123	44424639	-0.9539
72	667490	25126798	-0.9172
72	36314	30323	-0.8945
72	4915	2708	-0.9943
72	5360373	5353562	-0.9605
72	2187	60198	-0.9884
72	259331	104842	-1.2481
72	387447	42611257	-0.8931
72	71384	6450551	-1.0073
72	2187	454216	-1.0899
72	4211	3950	-1.0343
72	2478	457193	-0.9294
72	3062316	104842	-0.9318
72	5284616	20279	-0.7434
72	4915	5284616	-0.9947
72	6442177	5311	-0.9098
72	68740	60198	-0.7226
72	3657	44424639	-0.9594
72	6445540	71384	-0.9189
72	5360373	2123	-0.9274
72	5453	5353562	-0.9091
72	2094	71384	-0.9879
72	9444	5453	-0.9624
72	4842	30323	-1.062
72	148124	10113978	-1.0491
72	644241	667490	-0.807
72	6857599	38904	-0.9894
72	261004	36462	-0.781
72	3690	5790	-1.0052
72	4842	68740	-0.9054
72	60700	123631	-1.0191
72	68740	71384	-0.8904
72	9444	71384	-0.9589
72	5453	460612	-0.9782
72	119182	71384	-1.0035
72	3062316	60198	-1.0134
72	148124	5353562	-0.9533
72	2141	5284616	-1.0083
72	119182	44424639	-0.9823
72	208908	104842	-0.9253
72	4033	36314	-0.751
72	9444	5284616	-0.8498
72	4842	3062316	-0.9434
72	60750	38904	-0.6769
72	57469	104842	-1.0651
72	71384	25126798	-1.012
72	261004	452548	-0.771
72	4114	104842	-0.9548
72	644241	5790	-0.9378
72	148124	2123	-1.0037
72	60198	10113978	-0.9596
72	4842	5329102	-0.8885
72	451668	5284616	-0.9698
72	5453	216326	-0.9984
72	2907	104842	-0.9334
72	6857599	30323	-0.8999
72	4842	36314	-1.0059
72	2478	5453	-0.8777
72	4842	3902	-0.9399
72	42611257	60198	-0.9874
72	2907	5790	-1.0093
72	5453	11626560	-0.9649
72	460612	30323	-1.0414
72	4915	4842	-1.0068
72	2907	2708	-0.9476
72	4842	3011155	-0.9375
72	6857599	4033	-1.055
72	68740	104842	-0.961
72	2187	71384	-0.9532
72	20279	71384	-0.9593
72	6442177	3062316	-0.8499
72	4211	104842	-0.9394
72	439693	667490	-0.9975
72	3902	71384	-0.9102
72	176870	5284616	-1.0279
72	667490	3902	-1.0059
72	237	38904	-0.9013
72	644241	71384	-0.9294
72	148121	71384	-0.9137
72	2767	71384	-0.999
72	6857599	9444	-0.9822
72	2141	2708	-0.9659
72	2141	4842	-0.9752
72	4842	6253	-0.9326
72	5426	5284616	-0.9861
72	5426	4842	-1.0446
72	6442177	20279	-0.8792
72	2578	71384	-0.9854
72	457193	60198	-1.0777
72	2767	60198	-0.9707
72	11626560	216326	-0.8752
72	2141	667490	-0.9707
72	60700	25126798	-0.9307
72	104741	5790	-0.9258
72	137	457193	-0.9504
72	2578	3950	-1.0678
72	451668	4842	-1.054
72	667490	3657	-1.0274
72	439693	4842	-1.0026
72	667490	208908	-1.0115
72	104842	5394	-0.9627
72	387447	5035	-0.9295
72	4842	657237	-0.9733
72	3690	667490	-0.9916
72	71384	24776445	-1.0042
72	104842	5978	-1.005
72	4211	6194	-1.0131
72	104842	644241	-1.0277
72	68740	5284616	-0.9888
72	4033	5453	-0.9267
72	5453	2123	-0.9418
72	57469	71384	-0.9671
72	104741	71384	-0.9633
72	2662	3950	-0.9245
72	6857599	2478	-0.9655
72	4842	148124	-0.9763
72	65628	44424639	-0.8819
72	2578	60750	-1.0271
72	3950	31703	-1.0658
72	20279	44424639	-0.9754
72	4842	208908	-0.9328
72	5360373	42611257	-0.8409
72	3690	4842	-1.0402
72	5329102	104842	-0.9227
72	4842	3657	-0.9827
72	3062316	44424639	-1.0288
72	60750	60198	-0.9827
72	4033	457193	-0.9843
72	4842	644241	-0.9415
72	104842	5291	-1.0468
72	104842	3902	-1.0488
72	104842	2733526	-1.0533
72	176870	71384	-0.954
72	5284616	444795	-0.8827
72	4842	2187	-0.9467
72	44424639	42611257	-1.0725
72	60953	71384	-0.9408
72	4842	65628	-0.979
72	163659	44424639	-0.9838
72	5394	3950	-1.0694
72	137	460612	-0.8897
72	3690	71384	-0.9644
72	36314	460612	-0.9026
72	5426	6442177	-0.9549
72	3011155	667490	-0.8985
72	29327	5453	-0.9833
72	4842	104741	-0.9197
72	65628	71384	-1.0239
72	36314	457193	-0.8065
72	4915	71384	-0.9806
72	4114	71384	-0.9993
72	57469	5284616	-1.0711
72	42611257	71384	-0.9607
72	2662	71384	-0.9326
72	65628	104842	-0.981
72	3011155	71384	-1.0019
72	29327	4842	-1.0198
72	5453	6450551	-0.9934
72	71384	3081361	-1.0161
72	237	36314	-0.9613
72	5329102	5284616	-0.882
72	60750	20279	-0.8272
72	2094	4842	-0.9897
72	3690	44424639	-0.9776
72	104842	13342	-1.0787
72	2141	71384	-0.9458
72	2094	104842	-1.0421
72	4842	460612	-0.9818
72	57469	3950	-1.0324
72	4842	60953	-0.9476
72	148124	25126798	-1.054
72	5291	2708	-1.0241
72	65628	6442177	-1.0379
72	5360373	132971	-0.844
72	237	460612	-0.9699
72	216239	5453	-0.9529
72	29327	104842	-0.8762
72	2141	6442177	-0.9696
72	5353562	30323	-0.9475
72	176870	3950	-0.9893
72	439693	6442177	-0.9762
72	2578	6857599	-1.0146
72	4842	5291	-0.9376
72	3062316	71384	-1.02
72	9444	60750	-0.986
72	5311	457193	-0.8477
72	457193	71384	-1.0066
72	60700	5035	-0.9142
72	148121	5790	-1.216
72	68740	6442177	-1.066
72	667490	444795	-1.0342
72	13342	104842	-1.1838
72	31703	5790	-1.0699
72	163659	3950	-1.0419
72	5453	123631	-1.0336
72	2907	44424639	-0.9925
72	71384	5035	-1.0028
72	6442177	657237	-0.888
72	6857599	460612	-0.9473
72	176870	6442177	-0.9547
72	237	137	-0.9587
72	4915	3950	-1.0208
72	454216	71384	-0.982
72	5360373	123631	-0.9968
72	4114	6442177	-1.0201
72	104842	444795	-1.0664
72	261004	71384	-0.9253
72	5978	30323	-1.0171
72	2187	104842	-1.1075
72	104842	2187	-1.0426
72	2141	3950	-0.9134
72	5426	3950	-1.1665
72	208908	3950	-1.0502
72	5453	42611257	-0.9403
72	261004	60198	-0.8012
72	5360373	11683	-0.9597
72	5311	30323	-0.9507
72	451668	5453	-0.9635
72	3657	71384	-0.9922
72	4033	60750	-1.0557
72	11683	71384	-0.9562
72	667490	104741	-1.0246
72	2187	5790	-0.8878
72	6857599	6253	-1.0248
72	4842	216326	-0.9978
72	5284616	3902	-0.794
72	5453	24776445	-0.9675
72	667490	2662	-1.0428
72	6857599	148124	-1.0358
72	5426	71384	-1.0758
72	2578	237	-0.9723
72	2478	60750	-0.8072
72	4842	11626560	-0.9681
72	237	11626560	-1.0112
72	259331	457193	-1.1369
72	148121	30323	-0.9468
72	439693	5790	-0.9655
72	2123	30323	-1.0189
72	6442177	148124	-0.8303
72	2907	3950	-1.0389
72	4211	71384	-1.008
72	6253	30323	-1.0686
72	3657	6442177	-1.0572
72	29327	6442177	-0.9735
72	439693	71384	-0.9762
72	5284616	2662	-0.9145
72	3062316	5453	-0.9853
72	30323	11626560	-1.0891
72	11626560	30323	-1.0517
72	4114	457193	-1.0041
72	237	216326	-1.0117
72	5311	5453	-1.0044
72	6857599	20279	-1.0152
72	148121	104842	-1.3041
72	3902	30323	-0.9283
72	3690	5453	-1.0087
72	5426	5453	-0.9795
72	176870	5453	-1.0275
72	261004	3950	-0.8385
72	6442177	5291	-0.9056
72	30323	216326	-1.0902
72	6857599	439693	-1.0005
72	9444	38904	-0.9007
72	71384	10113978	-1.0146
72	439693	6857599	-1.0407
72	237	20279	-0.8785
72	6857599	3062316	-0.9667
72	13342	6442177	-0.9189
72	57469	6857599	-0.9849
72	667490	11683	-0.9518
72	4915	457193	-0.9975
72	2187	30323	-0.8835
72	176870	457193	-0.9385
72	3011155	5453	-0.8892
72	104741	5453	-0.9237
72	208908	457193	-1.0338
72	30323	6450551	-1.0887
72	4842	31703	-0.9425
72	216239	104842	-0.9116
72	5453	3081361	-0.9854
72	6857599	5394	-1.0226
72	5360373	10113978	-0.8303
72	148124	60750	-0.9332
72	11683	3950	-0.9629
72	259331	30323	-0.8905
72	5453	132971	-0.9741
72	29327	457193	-0.932
72	4114	5284616	-0.9905
72	4915	104842	-0.9121
72	148121	5284616	-1.2137
72	5453	5035	-0.9772
72	137	4033	-1.0025
72	2733526	71384	-0.9908
72	6442177	2662	-0.9453
72	4211	5453	-0.9375
72	31703	6442177	-1.1655
72	65628	5790	-0.9625
72	2141	6857599	-1.0019
72	2094	457193	-1.0014
72	6442177	444795	-0.9454
72	163659	71384	-0.9953
72	30323	132971	-1.1543
72	4033	30323	-1.0046
72	6857599	208908	-0.9862
72	6857599	31703	-0.9944
72	4842	6450551	-0.9698
72	36314	38904	-0.8876
72	5329102	5453	-0.9726
72	4842	123631	-1.0248
72	148124	11683	-1.0837
72	6857599	2094	-0.9745
72	5311	60750	-0.9819
72	237	2478	-0.9655
72	2578	38904	-0.9545
72	644241	5453	-0.8947
72	148124	457193	-0.8003
72	2478	30323	-1.0467
72	657237	71384	-0.9784
72	6857599	657237	-0.9649
72	148121	6442177	-1.2038
72	2478	4033	-0.9207
72	457193	3902	-0.9532
72	208908	5284616	-1.0303
72	104842	3011155	-1.0196
72	36314	60750	-0.9477
72	5329102	457193	-0.9525
72	137	11626560	-0.9532
72	644241	30323	-1.1012
72	5426	104842	-0.9165
72	2187	457193	-0.8834
72	3011155	457193	-1.0018
72	2094	30323	-1.0126
72	60750	71384	-1.0078
72	137	5353562	-0.85
72	2578	137	-0.9812
72	5360373	3081361	-0.8338
72	20279	30323	-1.0317
72	6857599	3902	-0.9749
72	9444	30323	-1.0167
72	460612	5353562	-0.9788
72	6857599	60953	-0.9585
72	6253	460612	-0.9849
72	5284616	5978	-0.8489
72	6857599	148121	-0.9709
72	65628	30323	-1.0295
72	4033	38904	-0.9797
72	237	31703	-0.8691
72	5978	460612	-0.9808
72	451668	6442177	-1
72	60700	11683	-1.0328
72	4842	10113978	-0.9684
72	11626560	460612	-1.1235
72	30323	10113978	-1.1214
72	4842	25126798	-0.9896
72	13342	11683	-1.0103
72	31703	5453	-1.1155
72	29327	30323	-1.0057
72	3657	104842	-0.9777
72	2907	4842	-1.0103
72	137	9444	-0.9551
72	4114	237	-1.0083
72	2733526	30323	-1.0219
72	216239	6442177	-0.9776
72	68740	30323	-0.8335
72	119182	5453	-0.8824
72	460612	132971	-1.0048
72	237	123631	-1.0842
72	237	2123	-0.9973
72	5453	25126798	-0.9864
72	259331	6857599	-1.1452
72	3690	60750	-0.9469
72	237	68740	-0.9482
72	5453	11683	-0.9595
72	42611257	5035	-0.9915
72	6857599	451668	-1.1207
72	6857599	5291	-0.9986
72	4842	42611257	-0.9722
72	3690	30323	-1.0097
72	237	5311	-0.9402
72	6857599	2662	-0.9806
72	3011155	30323	-0.8813
72	237	25126798	-1.0045
72	148121	5453	-1.245
72	60750	6253	-0.8104
72	29327	11626560	-0.9047
72	5284616	119182	-0.8484
72	439693	60750	-1.0652
72	2141	60750	-1.0563
72	42611257	30323	-1.0584
72	30323	42611257	-1.1335
72	5284616	657237	-0.776
72	6857599	11626560	-1.0023
72	4842	5353562	-0.8833
72	4842	4211	-0.9903
72	208908	6442177	-0.9404
72	5453	10113978	-0.9368
72	4842	24776445	-0.9634
72	4842	132971	-0.9667
72	5284616	3657	-0.8609
72	2478	38904	-0.8958
72	36314	11626560	-1.0559
72	4915	30323	-1.0738
72	3690	6442177	-1.0026
72	36314	132971	-1.0823
72	4842	119182	-1.0007
72	30323	24776445	-1.1461
72	148124	38904	-0.9021
72	148121	457193	-1.2453
72	137	36314	-1.0029
72	4211	6442177	-0.9633
72	60750	13342	-0.8731
72	644241	460612	-0.9908
72	5329102	30323	-0.9748
72	163659	460612	-1.0103
72	29327	460612	-0.9901
72	5311	460612	-0.9745
72	6857599	216326	-0.9304
72	444795	460612	-0.9873
72	5360373	5035	-0.8492
72	5284616	65628	-0.8931
72	2478	460612	-1.03
72	104741	457193	-1.121
72	5291	71384	-0.979
72	216326	11626560	-0.9257
72	237	3657	-0.8607
72	237	132971	-1.0263
72	4842	2662	-0.9428
72	2141	30323	-1.0526
72	237	13342	-0.9027
72	2907	5284616	-1.002
72	4033	148124	-0.97
72	2094	6442177	-0.9357
72	5284616	13342	-0.7968
72	13342	5284616	-0.834
72	4033	460612	-0.976
72	451668	460612	-0.9644
72	60750	2187	-0.8543
72	2094	460612	-0.9626
72	104741	104842	-1.1571
72	176870	237	-1.0306
72	13342	5453	-0.9628
72	237	644241	-0.9362
72	5426	60750	-0.9703
72	6445540	30323	-1.0125
72	36314	216326	-0.9192
72	137	20279	-0.9565
72	119182	30323	-1.0187
72	4033	6253	-0.995
72	6857599	4915	-0.8495
72	4842	3081361	-0.9786
72	5311	38904	-0.9554
72	104741	5284616	-0.8483
72	237	148124	-0.9553
72	208908	30323	-1.1378
72	439693	5453	-1.0538
72	451668	60750	-0.9573
72	237	3902	-0.9575
72	104842	60953	-1.0853
72	68740	460612	-0.907
72	6253	11626560	-0.9825
72	29327	9444	-0.9234
72	460612	10113978	-0.9984
72	259331	137	-0.9554
72	3902	460612	-0.9644
72	460612	42611257	-0.9875
72	237	3011155	-0.9509
72	30323	25126798	-1.0892
72	6442177	2733526	-0.9944
72	261004	30323	-0.8692
72	9444	460612	-0.9971
72	36314	6450551	-1.0518
72	2141	237	-1.0191
72	2187	5284616	-0.8103
72	176870	4033	-0.9746
72	68740	457193	-0.9935
72	137	2123	-0.8726
72	5311	11626560	-0.9841
72	9444	6253	-0.9524
72	68740	5453	-0.9763
72	60953	30323	-0.9481
72	2478	11626560	-0.9647
72	57469	5453	-1.0261
72	137	132971	-0.9103
72	3657	5453	-1.0037
72	137	6253	-0.911
72	4915	5453	-0.9852
72	137	216326	-0.9453
72	5284616	60953	-1.0377
72	2578	460612	-1.0315
72	6442177	119182	-0.8877
72	216239	60750	-0.8907
72	259331	237	-0.9293
72	9444	148124	-0.9398
72	457193	30323	-0.9992
72	36314	123631	-1.0587
72	6445540	11626560	-0.9752
72	5291	30323	-1.1194
72	2141	5453	-1.0351
72	65628	460612	-0.9584
72	57469	457193	-1.1169
72	36314	5353562	-0.9002
72	5311	6253	-0.9692
72	6857599	2907	-0.8235
72	4842	2123	-0.9789
72	4033	5978	-0.9796
72	5394	460612	-1.0287
72	60953	460612	-0.9735
72	5353562	11626560	-0.9517
72	176870	460612	-1.0103
72	259331	60750	-0.9907
72	4033	11626560	-0.9686
72	57469	30323	-1.0325
72	460612	25126798	-0.9448
72	60750	460612	-1.0108
72	2094	5453	-0.9528
72	2767	460612	-0.9707
72	237	104741	-0.9766
72	176870	30323	-1.0148
72	119182	457193	-1.0251
72	451668	11626560	-0.9754
72	5978	11626560	-1.0247
72	11626560	132971	-1.0171
72	4114	460612	-0.982
72	2578	9444	-0.9789
72	5311	9444	-0.9721
72	6857599	132971	-0.9884
72	137	10113978	-0.9318
72	237	11683	-0.9905
72	132971	11626560	-1.0104
72	2578	4033	-1.0451
72	259331	11626560	-0.927
72	65628	5453	-1.0127
72	5329102	60750	-0.9321
72	6857599	10113978	-0.9449
72	163659	30323	-0.9435
72	2141	4033	-0.9624
72	9444	36314	-0.9537
72	4033	2733526	-0.9657
72	644241	457193	-1.0431
72	104741	60750	-1.2017
72	4915	60750	-0.9477
72	2767	30323	-0.9267
72	60750	3657	-0.8203
72	3062316	30323	-1.1268
72	6450551	11626560	-1.0105
72	29327	38904	-1.14
72	2578	148124	-0.9468
72	237	5291	-1.0071
72	36314	10113978	-1.092
72	5329102	460612	-0.9781
72	148121	60750	-1.3821
72	29327	137	-1.052
72	237	2662	-0.9942
72	30323	3081361	-1.1065
72	31703	60750	-1.052
72	2187	5453	-0.8915
72	4915	4033	-0.9767
72	6857599	2123	-0.9184
72	137	148124	-0.9946
72	2578	11626560	-0.9403
72	137	31703	-0.9674
72	6857599	25126798	-0.9843
72	36314	25126798	-1.0439
72	60750	119182	-0.816
72	237	60953	-1.0171
72	29327	4033	-0.9457
72	3657	38904	-0.9848
72	5311	36314	-0.9262
72	4114	30323	-1.0937
72	3690	137	-1.0193
72	454216	460612	-0.9189
72	137	216239	-0.966
72	2578	36314	-1.226
72	2141	38904	-0.9925
72	11626560	6450551	-1.0129
72	451668	137	-0.9948
72	36314	6253	-0.9206
72	104741	460612	-0.958
72	68740	137	-0.9814
72	6857599	444795	-1.0321
72	148121	11626560	-0.9813
72	2478	5353562	-0.9084
72	2141	137	-0.9584
72	6857599	5353562	-0.9652
72	4033	216326	-1.0019
72	137	123631	-0.9572
72	119182	460612	-0.9939
72	451668	38904	-1.0568
72	2141	460612	-1.0043
72	29327	36314	-0.9471
72	3657	460612	-0.9583
72	137	5978	-0.9458
72	60750	30323	-0.9816
72	3657	11626560	-0.9861
72	261004	460612	-0.9599
72	5426	4033	-0.9367
72	11626560	10113978	-1.011
72	2907	460612	-0.9929
72	657237	30323	-1.0143
72	137	119182	-0.9309
72	5311	216326	-0.9283
72	137	3011155	-0.9435
72	259331	460612	-0.9328
72	4211	38904	-0.9939
72	6857599	104741	-0.9824
72	216239	9444	-0.9422
72	4114	38904	-1.1706
72	4915	460612	-1.0103
72	137	5394	-0.9286
72	57469	38904	-1.004
72	4033	20279	-1.0257
72	644241	11626560	-0.9688
72	5978	6450551	-0.9684
72	30323	5035	-1.1128
72	5426	137	-1.0244
72	60750	11626560	-0.9622
72	123631	11626560	-1.0432
72	5426	30323	-1.1808
72	11626560	25126798	-1
72	2478	6450551	-0.9618
72	137	657237	-0.9652
72	3690	4033	-0.991
72	439693	460612	-0.9448
72	3062316	60750	-0.9641
72	57469	11626560	-0.9457
72	2907	30323	-1.0993
72	57469	60750	-1.1055
72	439693	237	-1.0234
72	259331	38904	-0.9528
72	5311	148124	-0.9118
72	176870	137	-0.9867
72	6450551	132971	-0.9636
72	148121	460612	-1.001
72	2187	11626560	-1.0144
72	2478	6253	-0.8452
72	451668	237	-0.925
72	104741	11626560	-1.0054
72	36314	2123	-0.8824
72	29327	6253	-0.969
72	451668	132971	-0.9604
72	4033	13342	-0.9898
72	4915	38904	-1.1425
72	9444	11626560	-0.9781
72	6857599	24776445	-1.0097
72	137	104741	-0.9672
72	2187	38904	-0.9655
72	137	208908	-0.9937
72	137	3657	-0.9808
72	4033	657237	-1.0129
72	237	5394	-0.883
72	57469	9444	-1.0055
72	5311	20279	-0.928
72	60953	457193	-1.0843
72	259331	4033	-0.9339
72	4033	68740	-0.8246
72	11626560	5353562	-1.1527
72	2907	4033	-0.9989
72	216326	6450551	-0.9215
72	4033	5329102	-0.9953
72	3062316	9444	-0.9778
72	460612	24776445	-0.9599
72	60750	4211	-0.8169
72	439693	36314	-1.1691
72	3902	11626560	-1.0282
72	4033	132971	-0.9453
72	439693	4033	-1.0211
72	2733526	11626560	-1.0129
72	137	65628	-0.9817
72	2478	216326	-0.9981
72	176870	60750	-1.0572
72	3690	237	-0.9591
72	460612	3081361	-0.9514
72	6253	216326	-0.9678
72	11683	30323	-1.0881
72	9444	20279	-0.9427
72	11626560	24776445	-1.0312
72	2141	11626560	-0.9712
72	137	25126798	-0.9274
72	36314	3081361	-1.0603
72	5353562	31703	-1.0027
72	65628	11626560	-0.9887
72	42611257	11626560	-1.0061
72	451668	36314	-0.9459
72	237	208908	-0.9543
72	237	5978	-0.8901
72	4842	5035	-0.996
72	2907	137	-1.0301
72	4033	2662	-0.977
72	6857599	3081361	-1.0044
72	439693	9444	-1.0046
72	11626560	42611257	-1.0231
72	6253	6450551	-0.9287
72	29327	5426	-0.7329
72	3081361	11626560	-1.0161
72	4915	9444	-0.9791
72	3011155	460612	-0.9944
72	6450551	10113978	-0.9522
72	6253	24776445	-0.9352
72	208908	60750	-0.9301
72	137	60953	-0.9726
72	454216	11626560	-1.0176
72	36314	5035	-1.0518
72	5426	237	-0.9927
72	451668	9444	-0.9488
72	60750	657237	-0.839
72	42611257	460612	-1.0623
72	137	5329102	-1.013
72	6253	132971	-0.9458
72	259331	5311	-0.9622
72	57469	36314	-1.2139
72	4114	11626560	-1.0068
72	4033	25126798	-0.9386
72	9444	13342	-0.9434
72	3062316	11626560	-1.0261
72	237	2094	-0.9842
72	237	657237	-0.8864
72	451668	2123	-0.946
72	457193	460612	-1.0371
72	5426	460612	-1.1372
72	5978	132971	-1.0537
72	451668	123631	-1.0041
72	36314	24776445	-1.0938
72	2907	38904	-1.083
72	2478	132971	-0.9521
72	36314	20279	-0.9184
72	13342	38904	-0.9947
72	4114	36314	-0.939
72	2478	10113978	-0.9673
72	2907	237	-0.9428
72	460612	11683	-1.0165
72	31703	9444	-1.0898
72	444795	6450551	-0.9644
72	60750	65628	-0.7875
72	5426	9444	-0.974
72	31703	36314	-1.0763
72	4033	119182	-0.9971
72	3657	6450551	-0.97
72	4033	216239	-0.9461
72	29327	20279	-0.9218
72	237	65628	-0.9059
72	237	5329102	-0.9825
72	9444	5394	-0.9487
72	2907	60750	-0.8876
72	6253	123631	-0.9564
72	259331	36314	-1.1728
72	4033	31703	-1.2197
72	2478	25126798	-0.9632
72	5978	216326	-0.9671
72	216326	132971	-0.9056
72	2578	5311	-0.969
72	148124	36314	-0.8879
72	4033	3062316	-1.0279
72	10113978	11626560	-1.0297
72	3690	460612	-0.9849
72	5311	132971	-0.9985
72	3657	9444	-0.9635
72	6445540	132971	-0.9856
72	4033	4211	-1.0612
72	439693	137	-0.9896
72	137	11683	-0.9141
72	4033	10113978	-0.9727
72	216239	38904	-0.9636
72	25126798	11626560	-0.9973
72	132971	10113978	-0.962
72	163659	5353562	-0.8463
72	259331	9444	-1.0036
72	460612	5035	-1.0022
72	11626560	2123	-1.1054
72	29327	6450551	-0.9156
72	6857599	42611257	-0.9933
72	29327	148124	-0.9503
72	5035	11626560	-0.988
72	29327	216326	-0.9872
72	148124	20279	-0.9263
72	11626560	5035	-0.9963
72	216239	36314	-0.9906
72	439693	38904	-1.0041
72	208908	460612	-1.0035
72	68740	9444	-0.9886
72	2478	123631	-1.0417
72	148121	9444	-1.3085
72	148121	216326	-0.9228
72	5291	11626560	-0.9524
72	137	5291	-0.9964
72	9444	3902	-1.0034
72	444795	216326	-0.9873
72	457193	11626560	-1.1105
72	148124	6253	-0.9721
72	5978	5353562	-0.9242
72	2578	20279	-0.9839
72	4033	5353562	-0.8791
72	4114	137	-1.0479
72	4915	36314	-0.9646
72	6253	10113978	-0.9556
72	237	119182	-0.9298
72	5311	2123	-0.9428
72	9444	2187	-0.9623
72	2478	42611257	-0.9373
72	9444	3011155	-0.9744
72	4915	6450551	-0.9027
72	4114	4033	-0.991
72	5978	10113978	-1.0595
72	123631	216326	-0.9423
72	5978	123631	-1.0722
72	9444	2733526	-0.9568
72	237	2187	-0.9959
72	5311	5353562	-0.9299
72	123631	6450551	-0.9868
72	5978	25126798	-0.9866
72	132971	6450551	-0.9812
72	2578	2094	-0.9343
72	4033	3081361	-0.9554
72	2187	60750	-1.153
72	3690	36314	-0.9941
72	60750	104741	-0.8796
72	2478	148124	-0.9736
72	60750	5291	-0.7868
72	259331	216326	-0.9344
72	259331	6450551	-0.9572
72	29327	2478	-1.0402
72	5394	132971	-0.919
72	29327	5311	-0.9784
72	5311	10113978	-0.9941
72	5329102	9444	-1.0023
72	57469	6253	-1.0279
72	36314	5978	-0.9229
72	454216	216326	-0.9635
72	6253	25126798	-0.9485
72	2578	657237	-0.943
72	9444	5291	-0.9219
72	4033	42611257	-0.9696
72	31703	6253	-1.1579
72	123631	132971	-1.0425
72	4033	208908	-1.1272
72	4842	11683	-0.9814
72	29327	5353562	-0.9277
72	29327	132971	-0.8973
72	5426	216326	-0.9662
72	6253	2123	-1.026
72	60750	60953	-1.0035
72	4033	3902	-1.0205
72	4915	132971	-0.9315
72	216326	25126798	-0.9138
72	137	13342	-0.9565
72	237	444795	-0.849
72	216239	5311	-0.9865
72	5311	123631	-0.9717
72	163659	11626560	-1.1564
72	10113978	132971	-1.0062
72	2094	38904	-0.9105
72	2123	132971	-0.9536
72	5353562	132971	-0.9872
72	60750	2662	-0.8358
72	6445540	5353562	-0.9858
72	3062316	6253	-1.0066
72	4033	5394	-1.0018
72	5978	24776445	-1.055
72	644241	216326	-0.9843
72	9444	119182	-0.9972
72	3011155	38904	-0.9307
72	148121	36314	-1.3098
72	451668	3081361	-0.9823
72	3690	9444	-0.9498
72	119182	216326	-1.0285
72	4211	11626560	-1.0248
72	2578	5394	-0.9933
72	36314	2733526	-0.9553
72	4915	6253	-0.9813
72	29327	42611257	-0.9362
72	2187	9444	-0.9297
72	148121	123631	-0.9621
72	2094	4033	-1.0054
72	2187	132971	-0.9835
72	29327	24776445	-0.9141
72	3902	132971	-0.9789
72	6857599	5035	-1.022
72	5329102	36314	-1.0059
72	9444	644241	-0.9209
72	2478	2123	-0.9723
72	259331	6253	-1.0096
72	9444	216326	-1.0005
72	9444	5978	-0.9531
72	2578	68740	-0.9672
72	644241	38904	-0.7805
72	5978	3081361	-0.9993
72	5311	3902	-0.9845
72	2478	5035	-0.9736
72	3657	123631	-0.9728
72	176870	5311	-0.99
72	36314	657237	-0.9425
72	444795	123631	-0.989
72	2478	24776445	-0.9746
72	2578	65628	-1.0227
72	68740	132971	-0.9611
72	2094	6450551	-0.9763
72	259331	123631	-0.9617
72	68740	36314	-1.021
72	2478	31703	-0.9076
72	2578	3902	-0.9319
72	4114	9444	-0.9837
72	68740	6253	-1.0287
72	137	2187	-0.9824
72	148121	6253	-1.3435
72	29327	10113978	-0.9275
72	451668	5311	-1.0275
72	104741	132971	-0.9809
72	4033	2123	-0.9604
72	4033	5035	-0.9898
72	2123	216326	-0.9385
72	65628	132971	-0.9596
72	2578	216326	-1.0047
72	454216	6450551	-0.9944
72	42611257	123631	-1.0045
72	4211	6253	-0.9597
72	25126798	132971	-0.9953
72	259331	5353562	-0.9314
72	208908	6253	-0.9334
72	216326	10113978	-0.9128
72	644241	3902	-0.9949
72	5353562	25126798	-0.9432
72	657237	11626560	-0.9869
72	36314	119182	-0.952
72	2187	216326	-0.9342
72	9444	5353562	-0.9465
72	3081361	132971	-1.0263
72	137	4211	-0.9631
72	2187	5353562	-0.9547
72	3062316	36314	-0.9226
72	261004	11626560	-0.9752
72	3011155	11626560	-0.9969
72	439693	216326	-0.9548
72	132971	5035	-0.9757
72	132971	25126798	-0.9346
72	9444	132971	-0.9782
72	3902	5353562	-0.9645
72	4114	5311	-0.974
72	65628	6253	-1.0277
72	2478	20279	-0.9055
72	57469	5311	-0.9871
72	2907	36314	-1.0374
72	259331	2578	-1.2064
72	42611257	132971	-1.004
72	216326	24776445	-0.9349
72	24776445	6450551	-0.9883
72	644241	5353562	-0.9797
72	42611257	6450551	-0.9673
72	137	2662	-0.9605
72	3657	25126798	-0.9713
72	444795	25126798	-0.948
72	137	444795	-0.9498
72	2662	6450551	-0.9854
72	6253	3081361	-0.9583
72	123631	25126798	-0.962
72	644241	6450551	-0.9856
72	65628	36314	-1.0106
72	5426	36314	-0.9318
72	2094	9444	-1.0139
72	6450551	3081361	-0.9817
72	104741	38904	-0.9867
72	2578	57469	-1.0283
72	104741	6253	-0.9729
72	5311	13342	-0.9678
72	5311	25126798	-0.9698
72	60953	216326	-0.9307
72	20279	216326	-0.9938
72	148121	20279	-1.3012
72	9444	2662	-0.9999
72	216326	42611257	-0.9452
72	4033	104741	-1.0314
72	5394	216326	-1.0172
72	5978	2123	-1.009
72	6253	5035	-0.9481
72	3657	10113978	-0.9534
72	148121	6450551	-0.9656
72	29327	644241	-0.9369
72	132971	42611257	-1.0259
72	5353562	42611257	-0.939
72	6445540	123631	-1.021
72	2662	216326	-0.9476
72	3690	132971	-0.9762
72	4114	2478	-1.0684
72	5394	6450551	-0.9261
72	5426	2478	-1.0382
72	454216	123631	-0.9964
72	2578	3657	-1.047
72	25126798	6450551	-0.9969
72	4211	9444	-0.9612
72	4033	5291	-1.1414
72	5311	3011155	-0.997
72	2907	11626560	-1.0195
72	2123	123631	-0.9406
72	2141	29327	-0.8155
72	36314	5291	-1.067
72	6253	42611257	-0.9455
72	2141	6253	-1.0633
72	2662	5353562	-0.9557
72	5426	6450551	-0.9899
72	10113978	6450551	-0.997
72	657237	132971	-0.9683
72	3011155	20279	-0.9928
72	6450551	24776445	-1.0171
72	65628	216326	-0.9597
72	261004	6450551	-0.9174
72	65628	9444	-1.0082
72	119182	5353562	-1.0144
72	2141	2907	-1.0003
72	2141	36314	-1.2362
72	65628	123631	-0.9875
72	57469	132971	-0.939
72	119182	10113978	-0.9877
72	451668	29327	-1.0174
72	2578	2187	-0.9352
72	259331	2478	-0.9427
72	644241	123631	-0.9849
72	439693	6450551	-0.9814
72	132971	3081361	-0.9869
72	5353562	24776445	-0.9701
72	3062316	20279	-0.9898
72	2187	123631	-0.9756
72	2907	9444	-1.0072
72	104741	123631	-0.9825
72	29327	25126798	-0.9071
72	2767	216326	-0.998
72	4033	60953	-1.0481
72	132971	24776445	-1.003
72	457193	216326	-1.0258
72	4114	6253	-0.9775
72	13342	9444	-0.964
72	5978	5035	-1.0441
72	216326	3081361	-0.9276
72	163659	216326	-1.038
72	29327	3062316	-0.9945
72	65628	5311	-1.0662
72	2578	123631	-1.0081
72	451668	20279	-0.964
72	176870	6450551	-1.0209
72	6450551	42611257	-0.9922
72	3062316	148124	-0.9482
72	57469	216326	-0.9849
72	20279	132971	-0.9619
72	4915	5353562	-1.0049
72	454216	2123	-0.905
72	6445540	25126798	-0.9694
72	444795	2123	-0.9928
72	2478	216239	-0.9691
72	123631	10113978	-1.0912
72	2733526	5353562	-0.9683
72	444795	10113978	-0.9455
72	5311	5035	-0.9844
72	29327	3011155	-0.9677
72	29327	3081361	-0.9116
72	2123	5353562	-0.8832
72	2578	31703	-1.2111
72	5311	42611257	-0.9587
72	9444	10113978	-0.965
72	3011155	132971	-0.9803
72	9444	123631	-1.0127
72	2578	5978	-0.9544
72	451668	148124	-0.9453
72	6445540	2123	-0.969
72	148121	5353562	-1.0247
72	148121	148124	-1.3296
72	31703	148124	-1.1283
72	104741	6450551	-1.0071
72	3657	36314	-0.9876
72	2578	13342	-1.043
72	5353562	10113978	-0.9881
72	2733526	132971	-0.9773
72	5311	2187	-1.0055
72	2478	3657	-0.9171
72	2578	444795	-1.015
72	5311	657237	-1.0132
72	65628	5353562	-0.9718
72	36314	3902	-0.9177
72	5426	123631	-0.9616
72	36314	3011155	-0.9179
72	2578	119182	-1.0113
72	2578	439693	-1.0164
72	123631	42611257	-1.0522
72	3690	6253	-0.9988
72	176870	6253	-1.0074
72	123631	24776445	-1.0437
72	163659	6450551	-1.1217
72	3011155	6253	-0.9988
72	644241	25126798	-0.9429
72	36314	444795	-1.0623
72	439693	5311	-1.0058
72	57469	5353562	-0.9943
72	119182	42611257	-0.9646
72	439693	123631	-1.001
72	444795	24776445	-0.9686
72	2123	42611257	-0.9206
72	60953	5353562	-0.9519
72	3062316	5311	-1.0325
72	104741	5353562	-0.9535
72	4114	148124	-0.9707
72	2094	123631	-1.0375
72	2907	6450551	-0.992
72	6857599	11683	-0.9991
72	36314	5394	-0.9344
72	644241	24776445	-0.9686
72	29327	31703	-1.0015
72	2578	3690	-0.9869
72	3657	3081361	-0.9748
72	29327	68740	-0.9889
72	20279	5353562	-0.9749
72	3062316	132971	-0.9951
72	60750	216326	-1.0188
72	13342	5311	-0.9684
72	3690	6450551	-0.9707
72	10113978	25126798	-0.9802
72	454216	25126798	-0.9757
72	457193	6450551	-1.0757
72	176870	5353562	-0.9718
72	4114	123631	-1.002
72	2187	6253	-0.9512
72	119182	24776445	-0.9707
72	259331	10113978	-1.0788
72	2094	36314	-1.0526
72	3690	148124	-0.948
72	4915	216326	-1.0438
72	2578	5291	-0.9465
72	216239	20279	-0.9758
72	2123	10113978	-0.9077
72	148124	657237	-0.9586
72	2907	132971	-1.0034
72	6445540	24776445	-1.0005
72	163659	132971	-1.1563
72	2123	25126798	-0.9091
72	9444	60953	-0.9694
72	104741	9444	-0.9786
72	4114	132971	-0.9759
72	3011155	6450551	-1.0114
72	644241	10113978	-0.9531
72	259331	2141	-1.2066
72	60750	6450551	-0.9688
72	2141	2478	-0.9667
72	2141	132971	-0.9536
72	2578	4114	-1.0853
72	259331	25126798	-0.961
72	60750	132971	-0.9565
72	2478	444795	-0.9332
72	6445540	10113978	-0.9768
72	29327	216239	-0.9766
72	5394	123631	-1.002
72	2187	2123	-0.9418
72	5353562	5035	-0.9469
72	31703	3062316	-1.1863
72	644241	2123	-0.9628
72	2578	3011155	-0.936
72	5311	119182	-1.0369
72	2578	2662	-0.947
72	657237	216326	-1.0266
72	2767	123631	-0.9874
72	3011155	216326	-0.9602
72	104741	20279	-0.9762
72	13342	36314	-0.9585
72	4114	5353562	-0.9707
72	4211	216326	-0.9998
72	60750	123631	-1.0106
72	57469	20279	-1.0137
72	2187	25126798	-0.9804
72	644241	6253	-1.0295
72	2141	5311	-0.9564
72	9444	444795	-0.9787
72	2478	65628	-0.9432
72	2478	11683	-0.9652
72	439693	148124	-1.0461
72	4915	148124	-0.9779
72	5329102	5353562	-0.9971
72	3690	5353562	-0.9557
72	208908	148124	-1.0701
72	3902	25126798	-0.9804
72	4915	29327	-0.949
72	5311	2662	-0.9931
72	2478	3062316	-0.952
72	2578	2733526	-1.1182
72	2094	5311	-0.9755
72	11626560	11683	-1.1583
72	9444	42611257	-0.9811
72	2578	2123	-1.0206
72	2123	24776445	-0.9068
72	176870	132971	-1.0153
72	259331	42611257	-1.0195
72	5311	5978	-0.974
72	259331	4114	-1.2404
72	4211	20279	-0.9666
72	20279	24776445	-0.951
72	2767	5353562	-0.9831
72	259331	3081361	-0.9518
72	5311	644241	-0.9819
72	5353562	3081361	-0.9706
72	457193	5353562	-0.9549
72	9444	25126798	-0.9524
72	148124	13342	-0.9635
72	2094	25126798	-0.9926
72	2767	24776445	-0.9877
72	4211	36314	-0.9512
72	2187	24776445	-0.9913
72	2578	208908	-0.9807
72	3062316	123631	-1.0447
72	439693	2123	-0.9103
72	2578	4211	-0.9965
72	5426	148124	-0.9873
72	5426	5311	-0.9348
72	2094	10113978	-0.9805
72	2141	2578	-1.0152
72	2578	5426	-1.0276
72	2907	6253	-0.956
72	71384	31703	-1.1297
72	148124	5291	-1.0569
72	5394	3081361	-0.9471
72	9444	2123	-1.0123
72	60953	6253	-1.0371
72	208908	5311	-0.9988
72	4114	29327	-0.9424
72	2733526	25126798	-0.9709
72	9444	24776445	-0.9916
72	65628	20279	-0.9837
72	20279	3081361	-0.9398
72	457193	123631	-1.1697
72	123631	3081361	-1.0201
72	2767	10113978	-0.9562
72	259331	2733526	-0.9668
72	68740	20279	-0.9911
72	29327	65628	-0.9707
72	13342	20279	-1.0227
72	439693	20279	-1.0265
72	57469	123631	-0.9717
72	148121	10113978	-0.9928
72	68740	25126798	-0.9801
72	259331	31703	-0.9018
72	259331	3902	-0.9469
72	2478	5394	-0.8949
72	208908	20279	-0.9946
72	148121	25126798	-0.9756
72	68740	148124	-1.0117
72	644241	20279	-0.9171
72	208908	6450551	-0.9822
72	208908	132971	-0.9655
72	2187	10113978	-0.9685
72	31703	3011155	-1.1101
72	57469	42611257	-0.9219
72	36314	60953	-0.9489
72	148121	2123	-0.9276
72	5311	11683	-0.9698
72	68740	2123	-0.9709
72	2578	10113978	-0.9639
72	259331	2094	-0.9635
72	259331	24776445	-0.9495
72	3690	123631	-1.014
72	68740	10113978	-0.9793
72	20279	10113978	-0.9517
72	259331	57469	-1.223
72	2094	2123	-0.9281
72	2094	24776445	-0.9942
72	3657	5311	-1.0391
72	6445540	3081361	-0.9829
72	3902	10113978	-0.9938
72	10113978	24776445	-1.0427
72	148124	5978	-0.9635
72	4114	20279	-0.9715
72	29327	5978	-0.9822
72	2578	644241	-1.0154
72	3690	20279	-0.988
72	29327	5329102	-0.9544
72	2578	5329102	-0.9265
72	644241	2187	-0.9346
72	261004	216326	-1.0251
72	104741	2123	-0.9211
72	29327	2094	-1.0112
72	2478	208908	-0.948
72	176870	148124	-1.0526
72	5035	132971	-0.9757
72	5329102	6450551	-0.9971
72	444795	5035	-0.9369
72	259331	5978	-0.9912
72	163659	123631	-1.1129
72	4915	3081361	-0.9494
72	259331	3690	-1.235
72	259331	4915	-1.2447
72	644241	42611257	-1.0009
72	439693	10113978	-0.9731
72	25126798	24776445	-1.0207
72	3062316	24776445	-1.0073
72	60750	5353562	-1.0396
72	65628	2123	-0.9402
72	65628	24776445	-0.9934
72	259331	439693	-1.2415
72	57469	2478	-0.9418
72	3011155	5353562	-0.962
72	259331	5291	-0.9451
72	57469	148124	-1.0416
72	148121	24776445	-0.9919
72	5329102	5311	-1.0051
72	68740	24776445	-1.0134
72	60750	42611257	-0.9217
72	4211	5353562	-0.9734
72	119182	6253	-0.9592
72	176870	123631	-1.002
72	259331	3062316	-0.9272
72	208908	5353562	-0.9933
72	29327	3902	-0.992
72	176870	2123	-0.9305
72	5291	216326	-1.0188
72	29327	208908	-1.0193
72	5394	2123	-1.0304
72	2907	5311	-0.9864
72	68740	657237	-0.9654
72	5035	6450551	-1.0024
72	119182	20279	-0.9533
72	4211	6450551	-1.0125
72	2708	31703	-0.9327
72	123631	31703	-0.9629
72	208908	123631	-1.0316
72	3690	25126798	-0.962
72	57469	24776445	-0.9384
72	3902	24776445	-0.9959
72	439693	24776445	-1.0251
72	29327	5035	-0.9379
72	148124	5394	-0.9595
72	259331	2907	-1.2432
72	2094	2478	-0.9822
72	457193	2123	-0.9968
72	60750	25126798	-0.9418
72	5426	5353562	-1.1798
72	2141	20279	-1.0444
72	2478	3902	-0.9656
72	3062316	10113978	-0.9805
72	148124	3011155	-0.9079
72	4915	123631	-1.0388
72	29327	13342	-0.9768
72	104741	10113978	-1.0009
72	4211	5311	-0.9627
72	163659	10113978	-1.13
72	2123	5035	-0.915
72	457193	25126798	-1.1384
72	259331	3657	-0.9844
72	68740	104741	-0.9359
72	10113978	3081361	-0.989
72	20279	25126798	-0.8978
72	31703	148121	-1.1913
72	657237	5353562	-0.9883
72	259331	5329102	-0.9243
72	2478	657237	-0.9331
72	20279	2123	-1.0055
72	2094	3081361	-0.9923
72	36314	2662	-1.0415
72	65628	148124	-1.0253
72	2907	5353562	-0.9834
72	163659	2123	-1.0087
72	65628	10113978	-0.9778
72	11683	216326	-0.9262
72	457193	10113978	-1.1324
72	60750	3081361	-0.9333
72	3011155	123631	-0.9801
72	2094	42611257	-0.9767
72	2907	123631	-1.0084
72	259331	148121	-0.969
72	2662	24776445	-0.992
72	148124	644241	-0.9326
72	657237	123631	-1.0233
72	104741	24776445	-0.9972
72	457193	24776445	-1.1692
72	3690	10113978	-0.9893
72	25126798	42611257	-1.0129
72	2733526	24776445	-1.0156
72	2907	2478	-1.0383
72	2733526	2123	-0.9373
72	5426	25126798	-0.9716
72	2662	2123	-0.9496
72	261004	5353562	-0.9649
72	163659	25126798	-1.1043
72	42611257	2123	-1.0175
72	2094	148124	-1.0599
72	2767	2123	-0.9851
72	5291	5353562	-1.0095
72	2478	4211	-0.923
72	60953	2123	-0.9585
72	3062316	2123	-1.0046
72	3902	3081361	-0.973
72	148121	42611257	-1.0186
72	68740	42611257	-1.0173
72	2478	5329102	-0.9752
72	2733526	10113978	-0.9796
72	2767	25126798	-0.9553
72	261004	132971	-0.9385
72	5394	5035	-0.9257
72	42611257	10113978	-1.0423
72	10113978	42611257	-1.0572
72	2187	42611257	-0.9799
72	5291	123631	-1.0333
72	148121	3062316	-1.3674
72	216239	208908	-0.9725
72	3081361	25126798	-0.9969
72	261004	123631	-1.0237
72	42611257	42611257	-1.0486
72	2123	3081361	-0.9024
72	29327	2187	-1.0158
72	5311	444795	-0.9838
72	4114	24776445	-0.9664
72	3902	42611257	-0.9814
72	3081361	10113978	-1.0162
72	2187	3081361	-0.9916
72	2907	20279	-1.016
72	57469	10113978	-0.9616
72	3081361	24776445	-0.989
72	2478	2733526	-0.9869
72	259331	68740	-0.9112
72	3011155	2123	-0.9498
72	31703	5291	-1.1432
72	439693	657237	-0.9239
72	148121	5394	-1.3148
72	42611257	24776445	-1.0447
72	60953	25126798	-0.9945
72	657237	42611257	-0.9811
72	3062316	3081361	-0.994
72	439693	3081361	-1.0046
72	29327	11683	-0.9557
72	176870	259331	-0.7883
72	60750	10113978	-0.9679
72	13342	119182	-0.9377
72	2578	60953	-0.9276
72	104741	5311	-1.0161
72	2141	5978	-0.9796
72	2141	24776445	-0.9592
72	2578	104741	-0.9926
72	2733526	3081361	-0.9826
72	5311	5291	-0.9544
72	148124	2662	-1.0299
72	148124	104741	-0.926
72	60953	10113978	-1.0202
72	104741	3081361	-1.0026
72	3011155	5394	-0.9499
72	29327	4211	-0.9885
72	5978	11683	-1.0649
72	11683	6450551	-0.9959
72	4114	2123	-0.981
72	163659	24776445	-1.1695
72	29327	444795	-0.9806
72	5426	24776445	-0.9994
72	31703	644241	-1.1557
72	163659	42611257	-1.1285
72	451668	65628	-0.975
72	3690	2123	-1.0042
72	2141	42611257	-0.9529
72	6253	11683	-1.0415
72	451668	216239	-0.9786
72	104741	42611257	-0.9977
72	6445540	5035	-0.9536
72	29327	119182	-0.998
72	31703	657237	-1.1473
72	176870	25126798	-1.0141
72	5035	10113978	-0.9908
72	60750	24776445	-0.9379
72	208908	25126798	-0.9523
72	259331	2187	-0.9787
72	4033	11683	-0.9905
72	60953	24776445	-0.9952
72	176870	10113978	-1.0009
72	60750	2123	-1.0252
72	20279	42611257	-0.9709
72	439693	3690	-0.9595
72	2478	119182	-0.9126
72	259331	3011155	-0.9187
72	439693	31703	-0.9918
72	148124	119182	-0.9205
72	176870	24776445	-0.9887
72	4211	123631	-1.0059
72	5426	216239	-0.9538
72	4114	5978	-0.9501
72	13342	5394	-0.9886
72	60953	42611257	-0.9655
72	65628	42611257	-0.9882
72	457193	3081361	-1.1548
72	2767	42611257	-0.9717
72	451668	31703	-0.9819
72	657237	24776445	-0.961
72	5426	10113978	-0.9844
72	4915	10113978	-0.9207
72	2141	25126798	-0.9596
72	439693	216239	-1.0749
72	148121	3902	-1.3393
72	2187	2733526	-0.9658
72	439693	57469	-0.9653
72	2141	2123	-1.0141
72	5426	2123	-1.1849
72	4915	5035	-0.9767
72	119182	5035	-1.0109
72	208908	2123	-0.9548
72	29327	60953	-1.0004
72	259331	644241	-0.9567
72	2141	10113978	-0.9738
72	657237	2123	-1.0107
72	644241	5035	-0.9673
72	42611257	3081361	-1.0257
72	457193	42611257	-1.1642
72	259331	60953	-0.971
72	57469	31703	-1.2098
72	148121	208908	-1.378
72	148121	3011155	-1.505
72	148121	2733526	-1.3469
72	31703	3902	-1.1401
72	57469	3062316	-0.9673
72	3081361	42611257	-1.0169
72	2187	2478	-0.9807
72	2578	5035	-0.959
72	451668	439693	-1.0302
72	3011155	25126798	-0.9908
72	29327	2662	-0.9595
72	2478	104741	-0.9816
72	148124	2187	-0.9277
72	2141	657237	-0.9584
72	2478	5291	-0.9414
72	148121	5291	-1.377
72	451668	5394	-0.9801
72	657237	3081361	-0.9431
72	4114	657237	-0.9478
72	148121	657237	-1.3599
72	4915	24776445	-0.9642
72	5329102	2123	-0.9089
72	68740	3062316	-1.0273
72	4114	68740	-0.9759
72	5426	2094	-0.9693
72	10113978	5035	-1.0108
72	2767	3081361	-0.9576
72	657237	10113978	-0.9753
72	259331	65628	-0.967
72	4114	31703	-1.0303
72	3011155	10113978	-0.9824
72	148121	444795	-1.358
72	5426	65628	-0.9499
72	148121	5035	-0.9868
72	176870	42611257	-0.9954
72	3690	31703	-1.0378
72	57469	3081361	-0.9342
72	208908	3062316	-0.9814
72	439693	5394	-1.0093
72	148121	3657	-1.0069
72	2123	31703	-0.9082
72	3690	42611257	-1.0525
72	148121	644241	-1.3891
72	5035	25126798	-0.9878
72	13342	31703	-1.2405
72	25126798	5035	-1.0004
72	3011155	24776445	-0.9762
72	439693	5035	-1.0013
72	5426	68740	-0.956
72	176870	31703	-0.9859
72	31703	208908	-1.1332
72	176870	657237	-0.9533
72	439693	5978	-0.9733
72	2094	148121	-1.2034
72	4114	42611257	-0.9934
72	439693	4114	-1.0442
72	216239	657237	-0.9812
72	60953	20279	-1.0086
72	148124	60953	-0.9445
72	176870	3902	-0.9637
72	68740	5035	-1.0142
72	68740	216239	-0.9854
72	439693	68740	-1.0158
72	2187	5035	-0.9977
72	176870	3062316	-0.9672
72	57469	5035	-0.9511
72	148121	65628	-0.9846
72	148121	104741	-0.9791
72	24776445	5035	-0.9967
72	4114	65628	-0.9652
72	451668	4211	-0.9897
72	176870	216239	-1.0029
72	259331	4211	-1.0122
72	3690	3062316	-1.0233
72	451668	4114	-0.9731
72	4114	3081361	-0.985
72	5426	3062316	-0.9559
72	2094	31703	-0.9847
72	57469	5978	-0.9609
72	4915	65628	-0.9746
72	4915	2733526	-0.9805
72	2907	2123	-0.9914
72	3902	5035	-1.02
72	5426	3081361	-1.0024
72	2141	216239	-1.0067
72	176870	68740	-0.9625
72	68740	119182	-0.9784
72	451668	68740	-0.9779
72	11683	132971	-1.0382
72	57469	216239	-1.0306
72	4211	25126798	-1.003
72	216239	3011155	-0.9939
72	60750	5035	-0.9436
72	148121	4211	-0.9641
72	261004	24776445	-0.9496
72	439693	4915	-1.0216
72	148121	5329102	-1.3761
72	2141	31703	-0.9797
72	176870	3081361	-1.0134
72	11683	24776445	-1.005
72	4915	3062316	-0.9721
72	4915	216239	-0.9353
72	5035	24776445	-1.021
72	5426	31703	-0.9806
72	2123	11683	-0.9265
72	176870	451668	-0.9313
72	451668	2907	-0.9761
72	4114	5329102	-0.9282
72	216239	5978	-0.9454
72	451668	444795	-0.9833
72	65628	3062316	-1.0835
72	60953	3011155	-0.9736
72	31703	119182	-1.1299
72	3062316	5394	-1.0062
72	259331	119182	-1.0136
72	4211	3657	-0.7978
72	4915	657237	-0.9417
72	5426	42611257	-0.9973
72	2907	24776445	-1.0096
72	439693	3011155	-0.9892
72	439693	2141	-0.953
72	439693	5426	-1.083
72	216239	3902	-0.9891
72	451668	5978	-0.961
72	5426	3011155	-0.9358
72	5291	3081361	-0.9758
72	439693	3902	-1.0093
72	2141	3062316	-1.002
72	104741	5035	-1.021
72	3690	4114	-1.3057
72	3011155	657237	-1.0421
72	31703	444795	-1.1659
72	439693	208908	-1.019
72	3062316	3011155	-0.9713
72	31703	3657	-1.1582
72	3690	3011155	-0.9832
72	4211	2123	-0.9996
72	5426	657237	-0.9111
72	2141	68740	-0.971
72	216239	2733526	-0.9814
72	176870	4114	-0.9134
72	439693	5329102	-0.9635
72	216239	5394	-1.0053
72	2141	451668	-1.0044
72	451668	5426	-0.9959
72	3902	11683	-0.9256
72	2187	5394	-0.956
72	3011155	42611257	-0.9318
72	444795	11683	-1.0215
72	65628	5978	-0.9885
72	3690	2094	-1.0004
72	5035	31703	-0.9895
72	5291	24776445	-0.9905
72	457193	5035	-1.0558
72	148121	119182	-1.3608
72	261004	25126798	-0.9448
72	3690	5426	-1.0612
72	57469	4211	-0.9596
72	216239	3657	-0.9799
72	2907	4114	-0.9661
72	4114	13342	-1.022
72	439693	3657	-1.0159
72	451668	657237	-0.9458
72	261004	2123	-1.0231
72	57469	3690	-0.9747
72	4114	4915	-1.0323
72	3011155	3081361	-0.9997
72	4915	5394	-0.9875
72	2187	216239	-0.9481
72	439693	644241	-1.0542
72	65628	5035	-0.9924
72	3011155	4211	-1.0505
72	4114	3011155	-0.9657
72	3690	5978	-0.9319
72	2662	5035	-1.0209
72	2141	60953	-0.9438
72	451668	3657	-0.9802
72	4114	2187	-1.0026
72	65628	216239	-0.9863
72	176870	5978	-1.0033
72	4915	208908	-0.9686
72	3062316	5035	-1.0092
72	3690	5394	-0.9859
72	4114	5426	-1.006
72	65628	68740	-0.9824
72	176870	2094	-0.9901
72	3690	2733526	-1.0078
72	11683	10113978	-1.0584
72	439693	65628	-1.0314
72	5426	5329102	-0.9169
72	2141	3011155	-0.9561
72	2767	5035	-0.9598
72	57469	3011155	-0.9827
72	3690	3902	-0.961
72	57469	4915	-1.0068
72	5035	3081361	-1.0113
72	3081361	5035	-0.9883
72	2907	216239	-0.9942
72	5291	2123	-0.9746
72	208908	5978	-1.0883
72	216326	31703	-0.9341
72	148121	2187	-1.0084
72	13342	5978	-1.0623
72	3690	208908	-1.0092
72	5426	5291	-0.9253
72	2907	42611257	-0.994
72	176870	5426	-0.924
72	216239	5329102	-1.0291
72	5426	3902	-0.96
72	2907	3062316	-1.0146
72	68740	5394	-0.9981
72	2141	5394	-1.0067
72	3657	2733526	-0.9884
72	57469	13342	-0.9976
72	3011155	13342	-1.0507
72	439693	148121	-0.9811
72	2141	57469	-0.9987
72	208908	2733526	-1.007
72	439693	13342	-1.0513
72	5329102	3062316	-0.9846
72	2094	5394	-0.9803
72	2907	3081361	-1.0162
72	259331	2662	-0.9841
72	57469	3902	-0.9794
72	451668	2733526	-0.9679
72	176870	5394	-0.9964
72	57469	208908	-1.0027
72	4114	644241	-0.9686
72	119182	2733526	-0.9331
72	3690	3657	-0.9974
72	4915	5426	-0.9992
72	68740	2733526	-0.9811
72	644241	657237	-0.9837
72	451668	5329102	-0.9662
72	4915	3902	-0.9659
72	5426	5978	-0.9515
72	68740	644241	-0.9777
72	2141	65628	-1.0026
72	4211	657237	-0.9798
72	4211	5978	-0.976
72	644241	4211	-0.9212
72	4915	3657	-0.9724
72	454216	11683	-0.9775
72	3690	644241	-1.0127
72	3011155	5978	-0.9847
72	2094	68740	-0.9604
72	2907	208908	-0.98
72	3062316	60953	-1.0109
72	4114	5035	-0.9936
72	2907	3011155	-0.9818
72	4915	104741	-0.9575
72	5329102	208908	-0.992
72	2141	13342	-1.0077
72	2907	5978	-1.0265
72	57469	5329102	-0.9756
72	13342	3011155	-1.2922
72	2141	208908	-1.0007
72	261004	3081361	-0.9443
72	57469	3657	-0.9688
72	5426	208908	-0.9616
72	208908	3902	-0.9415
72	439693	4211	-1.0198
72	2662	11683	-0.9598
72	3062316	444795	-1.028
72	176870	5035	-1.0021
72	104741	657237	-0.9863
72	3657	11683	-0.9654
72	57469	644241	-1.0011
72	148121	2662	-1.3883
72	2094	11683	-0.9567
72	2907	657237	-1.0241
72	3657	657237	-0.9752
72	208908	3011155	-0.953
72	176870	65628	-1.0126
72	176870	148121	-0.9856
72	3690	148121	-1.0013
72	439693	11683	-0.9632
72	439693	444795	-0.9898
72	5426	5394	-1.0013
72	2141	644241	-1.0139
72	3657	5978	-0.997
72	57469	2094	-1.0235
72	4114	148121	-0.9973
72	4915	644241	-0.9127
72	2907	68740	-0.9921
72	3690	2907	-1.0735
72	4211	3081361	-1.0243
72	208908	657237	-0.982
72	208908	5394	-0.9794
72	3062316	119182	-0.9722
72	57469	148121	-0.9587
72	11683	42611257	-0.9934
72	216239	5291	-0.9787
72	119182	11683	-1.0232
72	3690	13342	-0.9997
72	68740	5329102	-1.008
72	57469	65628	-1.0228
72	4211	5394	-0.9443
72	68740	4211	-0.9986
72	261004	42611257	-0.9928
72	176870	2733526	-1.022
72	5426	3657	-0.9694
72	2141	5329102	-0.9623
72	451668	119182	-0.9814
72	3657	3902	-1.0153
72	65628	2733526	-1.0234
72	3011155	3657	-1.127
72	4915	148121	-0.9776
72	5426	644241	-0.935
72	176870	5329102	-1.0038
72	3657	208908	-0.9769
72	3062316	2662	-1.0175
72	259331	11683	-0.9156
72	176870	13342	-0.9686
72	2094	3657	-1.0052
72	176870	104741	-0.9761
72	68740	444795	-0.9883
72	2094	657237	-1.0069
72	439693	60953	-0.9957
72	5426	4211	-1.0008
72	5426	5035	-1.0118
72	2094	208908	-1.0442
72	2094	3011155	-1.0214
72	3657	5394	-1.0122
72	60953	2187	-0.9717
72	208908	5035	-0.9664
72	5329102	5035	-0.9849
72	2907	3657	-1.0194
72	644241	11683	-0.9882
72	439693	2662	-1.0115
72	216239	104741	-0.975
72	9444	11683	-0.9777
72	439693	2187	-1.041
72	4915	5329102	-0.9049
72	216239	2662	-1.0044
72	4114	4211	-1.0096
72	3011155	65628	-1.0927
72	439693	104741	-1.0222
72	5329102	3011155	-0.9844
72	65628	208908	-1.0242
72	5329102	5978	-1.0921
72	2187	3062316	-0.9701
72	65628	11683	-0.9587
72	439693	5291	-1.0249
72	2187	657237	-0.9468
72	104741	3062316	-1.0504
72	11683	25126798	-0.9887
72	3690	119182	-1.009
72	3690	4211	-0.9908
72	104741	5394	-1.0352
72	2141	2733526	-0.9994
72	2578	11683	-0.9884
72	2907	3902	-0.9888
72	2094	5329102	-1.0139
72	65628	657237	-1.0377
72	65628	5394	-1.0258
72	148121	11683	-0.9964
72	451668	104741	-1.0252
72	176870	4211	-0.9843
72	208908	119182	-0.9493
72	4211	2733526	-1.0115
72	451668	5291	-0.9141
72	5329102	3902	-0.9763
72	2094	644241	-1.0526
72	119182	2187	-1.0026
72	5426	13342	-0.9992
72	65628	3657	-1.0037
72	3011155	2187	-1.0739
72	4211	208908	-1.0609
72	644241	65628	-0.9796
72	216239	60953	-1.0013
72	216239	444795	-1.0859
72	2907	60953	-1.0097
72	5329102	657237	-1
72	5329102	5394	-1.0173
72	2187	3011155	-1.2592
72	2094	65628	-1.0516
72	2141	444795	-1.0006
72	13342	657237	-0.998
72	57469	119182	-1.0416
72	5426	148121	-0.9841
72	176870	2187	-0.9678
72	104741	3902	-0.9948
72	4114	444795	-0.9789
72	4915	119182	-1.0092
72	451668	60953	-0.9761
72	4211	13342	-0.9529
72	4114	104741	-0.9975
72	2094	2733526	-1.0003
72	2907	5035	-0.9985
72	5329102	2733526	-1.0105
72	13342	644241	-1.047
72	3690	2187	-1.0279
72	4211	3902	-1.0081
72	2141	119182	-1.0263
72	3690	104741	-1.0043
72	4211	3011155	-1.2679
72	457193	11683	-1.0907
72	3690	5291	-0.984
72	104741	65628	-0.9931
72	451668	2662	-0.9595
72	57469	2662	-0.9727
72	57469	5291	-0.9875
72	5394	11683	-1.0077
72	65628	13342	-1.2762
72	104741	11683	-0.9361
72	208908	5291	-1.0058
72	57469	2187	-0.9871
72	104741	13342	-0.9783
72	5426	104741	-0.9771
72	4114	60953	-1.0119
72	2907	13342	-1.0076
72	4915	5291	-0.9423
72	13342	2733526	-1.1033
72	104741	644241	-1.0382
72	3690	444795	-1.0151
72	2094	4211	-1.0137
72	2907	119182	-0.9974
72	13342	5329102	-1.0445
72	4211	5035	-1.0297
72	2907	148121	-1.0242
72	176870	60953	-0.959
72	4114	2662	-0.9919
72	2094	60953	-1.0472
72	2141	2187	-0.9716
72	176870	444795	-0.9718
72	5426	2187	-0.9727
72	2141	104741	-0.9721
72	2187	3902	-0.9725
72	65628	4211	-1.0082
72	2094	2187	-1.0139
72	2187	2662	-0.9638
72	2187	208908	-0.9855
72	119182	4211	-1.0424
72	104741	3011155	-1.2803
72	3011155	104741	-1.1375
72	104741	208908	-1.0635
72	57469	60953	-0.9937
72	42611257	11683	-1.076
72	119182	65628	-1.0271
72	2907	4211	-1.03
72	4915	444795	-0.9629
72	2094	2662	-1.0249
72	261004	5035	-0.9567
72	13342	2662	-0.9901
72	104741	4211	-0.9894
72	4211	5329102	-1.0645
72	2187	3657	-1.0334
72	5329102	444795	-1.0055
72	2187	104741	-0.9962
72	2187	644241	-0.973
72	4915	2662	-0.9564
72	3657	5291	-1.0127
72	5426	60953	-0.9678
72	60953	3902	-1.025
72	5426	444795	-0.9635
72	13342	444795	-1.0552
72	119182	13342	-0.9955
72	3011155	11683	-0.9577
72	4211	60953	-0.9973
72	60953	11683	-0.937
72	5291	5035	-0.9695
72	65628	5291	-0.9986
72	644241	2662	-0.9555
72	4114	11683	-0.9943
72	2907	2187	-1.0043
72	2907	104741	-1.0115
72	3657	444795	-0.991
72	3690	11683	-0.9908
72	104741	2733526	-1.0328
72	4915	11683	-0.9899
72	4211	119182	-0.9896
72	104741	5329102	-1.0788
72	2187	13342	-1.0046
72	176870	11683	-0.9765
72	5329102	5291	-0.995
72	11683	5035	-1.0066
72	163659	11683	-0.9886
72	3657	2662	-1.0039
72	60750	11683	-1.0207
72	65628	444795	-1.0247
72	2907	444795	-0.9706
72	2141	11683	-0.9935
72	2187	4211	-1.0112
72	4211	5291	-1.0055
72	5426	11683	-1.208
72	5329102	11683	-0.9795
72	2907	2662	-0.9941
72	208908	11683	-1.0149
72	2187	119182	-0.9426
72	104741	119182	-1.0179
72	4211	444795	-1.0335
72	60953	4211	-0.943
72	2187	60953	-0.9787
72	4211	2662	-1.0098
72	119182	2662	-0.9885
72	2907	11683	-0.9941
72	104741	2662	-0.9877
72	2187	444795	-1.0161
72	104741	60953	-1.0352
72	104741	444795	-1.0505
