CELL_ID	PUB_IDA	PUB_IDB	SCORE_BLISS
186	196968	5394	-0.1937
186	66414	5394	-0.2303
186	11228183	5394	-0.2384
186	73389731	11364421	-0.5242
186	51082	5394	-0.2859
186	5282455	5394	-0.3295
186	5282451	5394	-0.3722
186	5311339	5394	-0.3892
186	11717001	5394	-0.3984
186	225362	5394	-0.4334
186	11057	5394	-0.4403
186	5394	5394	-0.4444
186	3885	5394	-0.4536
186	23663976	5394	-0.4591
186	25126798	5394	-0.4868
186	6435335	5394	-0.4917
186	636397	5394	-0.4964
186	15048	5394	-0.5024
186	3033968	5394	-0.5081
186	135398735	5394	-0.5131
186	10427712	5394	-0.5134
186	50942	5394	-0.5154
186	636377	5394	-0.5191
186	6420138	5394	-0.521
186	135403646	5394	-0.5209
186	3690	5394	-0.5232
186	64713	5394	-0.5245
186	14982	5394	-0.529
186	6918454	5394	-0.5334
186	5283731	5394	-0.5346
186	9830519	5394	-0.5372
186	9934347	5394	-0.5382
186	54889	5394	-0.539
186	5281107	5394	-0.5406
186	704473	5394	-0.5442
186	155815	5394	-0.5473
186	5281612	5394	-0.5479
186	10621	5394	-0.5503
186	91466	5394	-0.5512
186	135400182	5394	-0.5541
186	54900	5394	-0.5555
186	123607	5394	-0.5563
186	6230	5394	-0.5569
186	77082	5394	-0.5572
186	6918223	5394	-0.5573
186	44561	5394	-0.5586
186	119182	5394	-0.5609
186	50878566	5394	-0.5613
186	62074	5394	-0.5651
186	7550	5394	-0.5664
186	45265864	5394	-0.5674
186	3366	5394	-0.5676
186	10174505	5394	-0.5682
186	5717	5394	-0.5684
186	4006	5394	-0.5691
186	5353562	5394	-0.5692
186	11256664	5394	-0.5693
186	65348	5394	-0.5705
186	6321424	5394	-0.5709
186	5386	5394	-0.5711
186	9926791	5394	-0.5714
186	16219612	5394	-0.5723
186	65981	5394	-0.5723
186	46832368	5394	-0.5723
186	8567	5394	-0.5733
186	3033832	5394	-0.5738
186	57345410	5394	-0.5742
186	50515	5394	-0.5753
186	54259	5394	-0.576
186	23667630	5394	-0.5771
186	46931003	5394	-0.577
186	11957660	5394	-0.5771
186	9883029	5394	-0.5773
186	2159	5394	-0.5781
186	5379	5394	-0.578
186	25262792	5394	-0.5782
186	5280373	5394	-0.579
186	46191454	5394	-0.5792
186	9839311	5394	-0.5792
186	5311180	5394	-0.5793
186	9901617	5394	-0.5802
186	135526609	5394	-0.581
186	442514	5394	-0.581
186	60857	5394	-0.581
186	6850808	5394	-0.5812
186	441130	5394	-0.5822
186	5282181	5394	-0.5832
186	24776445	5394	-0.5838
186	135413505	5394	-0.5839
186	5284583	5394	-0.585
186	77997	5394	-0.5851
186	151075	5394	-0.5852
186	31211	5394	-0.5858
186	71478	5394	-0.5858
186	5284631	5394	-0.5861
186	175804	5394	-0.5868
186	24978538	5394	-0.5887
186	9082	5394	-0.5886
186	31703	5394	-0.5891
186	4021	5394	-0.5892
186	5282521	5394	-0.5892
186	444030	5394	-0.591
186	441351	5394	-0.5919
186	64746	5394	-0.592
186	24753719	5394	-0.5927
186	68313	5394	-0.5929
186	5734	5394	-0.593
186	16134395	5394	-0.5934
186	10235	5394	-0.5939
186	129228	5394	-0.5941
186	91513	5394	-0.5942
186	180081	5394	-0.5943
186	158758	5394	-0.5949
186	49769085	5394	-0.5948
186	176155	5394	-0.5953
186	68861	5394	-0.596
186	9865528	5394	-0.5961
186	10648	5394	-0.5967
186	2761171	5394	-0.597
186	3913	5394	-0.5972
186	46216796	5394	-0.5977
186	25050	5394	-0.5979
186	34312	5394	-0.5981
186	11079	5394	-0.5988
186	56949517	5394	-0.5991
186	442424	5394	-0.5994
186	896	5394	-0.6
186	6437877	5394	-0.6
186	4170	5394	-0.6001
186	5280453	5394	-0.6002
186	219099	5394	-0.6012
186	456201	5394	-0.6014
186	65958	5394	-0.6019
186	9927531	5394	-0.6021
186	54677946	5394	-0.6023
186	6878030	5394	-0.6025
186	68873	5394	-0.6026
186	5780	5394	-0.6029
186	2162	5394	-0.6028
186	23663953	5394	-0.6031
186	11152667	5394	-0.6038
186	163751	5394	-0.604
186	135497066	5394	-0.6039
186	3003141	5394	-0.6043
186	72303	5394	-0.6049
186	38904	5394	-0.6051
186	54682040	5394	-0.606
186	60164	5394	-0.6064
186	64769	5394	-0.6061
186	3331	5394	-0.6069
186	60837	5394	-0.6075
186	4100	5394	-0.6077
186	24360	5394	-0.6082
186	1645	5394	-0.6079
186	5991	5394	-0.608
186	5311068	5394	-0.6085
186	1361334	5394	-0.6088
186	137994	5394	-0.6092
186	9936012	5394	-0.6092
186	6291	5394	-0.6098
186	252682	5394	-0.61
186	72466	5394	-0.6105
186	392622	5394	-0.6104
186	31728	5394	-0.6109
186	2727	5394	-0.611
186	10461508	5394	-0.6113
186	12035	5394	-0.611
186	156391	5394	-0.6118
186	5312125	5394	-0.612
186	53245636	5394	-0.612
186	114869	5394	-0.612
186	3038	5394	-0.6124
186	60750	5394	-0.6128
186	9560989	5394	-0.6128
186	54686183	5394	-0.6128
186	1349907	5394	-0.6131
186	4843	5394	-0.613
186	65264	5394	-0.6134
186	5818	5394	-0.6139
186	72092	5394	-0.614
186	176158	5394	-0.6142
186	6918456	5394	-0.615
186	9906942	5394	-0.615
186	16211421	5394	-0.6156
186	60953	5394	-0.616
186	6917719	5394	-0.616
186	689043	5394	-0.6168
186	4912	5394	-0.6169
186	149096	5394	-0.617
186	16654980	5394	-0.6178
186	8515	5394	-0.618
186	45375887	5394	-0.6183
186	38911	5394	-0.6189
186	11154925	5394	-0.6187
186	2471	5394	-0.6189
186	57336745	5394	-0.62
186	54575456	5394	-0.62
186	26041	5394	-0.62
186	4331799	5394	-0.6196
186	64715	5394	-0.6197
186	4781	5394	-0.6198
186	3373	5394	-0.6202
186	6444206	5394	-0.621
186	25183872	5394	-0.621
186	71234	5394	-0.6208
186	16759173	5394	-0.6209
186	50248	5394	-0.6214
186	25067547	5394	-0.622
186	387447	5394	-0.622
186	462382	5394	-0.622
186	68539	5394	-0.6215
186	92722	5394	-0.6217
186	127150	5394	-0.6218
186	6915944	5394	-0.6219
186	3011155	5394	-0.622
186	130313	5394	-0.6222
186	11556711	5394	-0.623
186	5362123	5394	-0.6227
186	63016	5394	-0.6228
186	5426	5394	-0.6229
186	9066	5394	-0.6231
186	164676	5394	-0.6237
186	5282458	5394	-0.6239
186	16123056	5394	-0.6241
186	11538455	5394	-0.625
186	2749	5394	-0.6248
186	119034	5394	-0.6246
186	208902	5394	-0.6249
186	6398764	5394	-0.6249
186	4906	5394	-0.625
186	119583	5394	-0.6251
186	24800541	5394	-0.626
186	71188	5394	-0.6257
186	4210951	5394	-0.6257
186	49867936	5394	-0.627
186	23642227	5394	-0.627
186	104842	5394	-0.6271
186	5253	5394	-0.6268
186	2767	5394	-0.6268
186	9824562	5394	-0.6269
186	3308	5394	-0.627
186	443878	5394	-0.6279
186	46883536	5394	-0.6279
186	56031	5394	-0.6281
186	20916937	5394	-0.6289
186	42609626	5394	-0.6286
186	1269845	5394	-0.6289
186	5833	5394	-0.6291
186	51346120	5394	-0.6298
186	23663941	5394	-0.63
186	26248	5394	-0.6299
186	54405	5394	-0.63
186	3973	5394	-0.6306
186	6603108	5394	-0.6308
186	57335384	5394	-0.6314
186	119570	5394	-0.6316
186	9936727	5394	-0.6317
186	135409642	5394	-0.6318
186	6445533	5394	-0.6329
186	9888590	5394	-0.6328
186	1893668	5394	-0.6324
186	1013376	5394	-0.6325
186	3676	5394	-0.6329
186	10127622	5394	-0.6334
186	135403821	5394	-0.6337
186	57336514	5394	-0.6338
186	44828492	5394	-0.634
186	11626560	5394	-0.6344
186	9549284	5394	-0.6346
186	442439	5394	-0.6348
186	406563	5394	-0.6347
186	6253	5394	-0.6352
186	3793	5394	-0.6359
186	23668834	5394	-0.6355
186	5018304	5394	-0.6356
186	5284627	5394	-0.6358
186	68647	5394	-0.6359
186	54690031	5394	-0.6359
186	155290	5394	-0.6358
186	11630874	5394	-0.6359
186	104762	5394	-0.6359
186	82148	5394	-0.6361
186	3052762	5394	-0.6361
186	656665	5394	-0.6361
186	3503	5394	-0.636
186	444732	5394	-0.6369
186	126941	5394	-0.6369
186	77999	5394	-0.6365
186	932	5394	-0.6366
186	5311027	5394	-0.6367
186	4101	5394	-0.6368
186	5702220	5394	-0.6369
186	11450633	5394	-0.6371
186	2123	5394	-0.6373
186	9832292	5394	-0.6376
186	3516	5394	-0.6377
186	3899	5394	-0.6378
186	656583	5394	-0.638
186	66064	5394	-0.638
186	2125	5394	-0.6383
186	49836020	5394	-0.6385
186	9803433	5394	-0.6387
186	6029	5394	-0.6388
186	2756	5394	-0.6387
186	3191	5394	-0.639
186	54677470	5394	-0.6397
186	2662	5394	-0.6397
186	65399	5394	-0.6399
186	5482	5394	-0.6399
186	3749	5394	-0.6398
186	71616	5394	-0.6398
186	5870	5394	-0.64
186	8691	5394	-0.6399
186	2720	5394	-0.6402
186	32798	5394	-0.6402
186	6072	5394	-0.6407
186	65625	5394	-0.6407
186	5094	5394	-0.6407
186	5959	5394	-0.6407
186	5336	5394	-0.6408
186	11525740	5394	-0.6413
186	6915744	5394	-0.6409
186	7108	5394	-0.6409
186	66070	5394	-0.6411
186	148121	5394	-0.6415
186	60877	5394	-0.6416
186	7020	5394	-0.6419
186	60198	5394	-0.642
186	4107	5394	-0.642
186	119245	5394	-0.6428
186	56973724	5394	-0.6425
186	10114	5394	-0.6426
186	929262	5394	-0.6427
186	2145	5394	-0.6428
186	39764	5394	-0.6429
186	5790	5394	-0.6432
186	12560	5394	-0.6431
186	4891	5394	-0.6437
186	25154714	5394	-0.6436
186	216326	5394	-0.6437
186	6301	5394	-0.6437
186	24798764	5394	-0.6437
186	5326	5394	-0.6437
186	9796068	5394	-0.6439
186	54680660	5394	-0.6439
186	25023738	5394	-0.644
186	159269	5394	-0.644
186	24856436	5394	-0.6445
186	2754	5394	-0.6444
186	56207	5394	-0.6446
186	3218	5394	-0.6446
186	156418	5394	-0.6448
186	68546	5394	-0.6449
186	135402864	5394	-0.6452
186	11292191	5394	-0.6456
186	9913405	5394	-0.6457
186	5339	5394	-0.6458
186	10152654	5394	-0.6459
186	9958103	5394	-0.6458
186	54454	5394	-0.6459
186	11683	5394	-0.6462
186	3830	5394	-0.6464
186	521951	5394	-0.6467
186	5970	5394	-0.6468
186	23360	5394	-0.6474
186	2369	5394	-0.6475
186	3169	5394	-0.6477
186	130881	5394	-0.6478
186	71183	5394	-0.6477
186	174174	5394	-0.6477
186	1183	5394	-0.6478
186	6852391	5394	-0.6478
186	6436	5394	-0.6478
186	346721	5394	-0.6484
186	65464	5394	-0.6483
186	9870009	5394	-0.6485
186	3033637	5394	-0.6486
186	5282230	5394	-0.6487
186	1981	5394	-0.6491
186	91505	5394	-0.6491
186	5287620	5394	-0.6495
186	564	5394	-0.6497
186	3038502	5394	-0.6497
186	3478	5394	-0.6497
186	23565	5394	-0.65
186	6917733	5394	-0.65
186	185462	5394	-0.65
186	163263	5394	-0.6504
186	6135	5394	-0.6506
186	25254071	5394	-0.6508
186	4418	5394	-0.6507
186	5924208	5394	-0.6509
186	5284443	5394	-0.6515
186	3033825	5394	-0.6515
186	13109	5394	-0.6517
186	4614	5394	-0.6517
186	4784	5394	-0.6518
186	5330	5394	-0.6517
186	107751	5394	-0.6518
186	16760703	5394	-0.6518
186	5795	5394	-0.6518
186	25015515	5394	-0.6518
186	102484	5394	-0.652
186	53245637	5394	-0.6523
186	1732	5394	-0.6522
186	5614	5394	-0.6523
186	442428	5394	-0.6525
186	13943299	5394	-0.6526
186	64648	5394	-0.6535
186	5815	5394	-0.6536
186	4908365	5394	-0.6538
186	153921	5394	-0.6538
186	443354	5394	-0.6539
186	71329	5394	-0.6539
186	51754	5394	-0.6544
186	441401	5394	-0.6546
186	34359	5394	-0.6549
186	3083711	5394	-0.6548
186	57363	5394	-0.6549
186	11381449	5394	-0.655
186	5288674	5394	-0.6554
186	135564985	5394	-0.6556
186	4122	5394	-0.6556
186	2717	5394	-0.6552
186	18924996	5394	-0.6554
186	31553	5394	-0.6556
186	5280863	5394	-0.6556
186	4788	5394	-0.6556
186	517321	5394	-0.6557
186	6324617	5394	-0.6558
186	68654	5394	-0.6562
186	10090485	5394	-0.6564
186	5819	5394	-0.6566
186	101744	5394	-0.6568
186	3476	5394	-0.6568
186	5344	5394	-0.6568
186	25232708	5394	-0.6569
186	5280567	5394	-0.657
186	25033539	5394	-0.6577
186	11188409	5394	-0.6572
186	6918178	5394	-0.6571
186	243	5394	-0.6575
186	1775	5394	-0.6576
186	11092	5394	-0.6577
186	62857	5394	-0.6576
186	3878	5394	-0.658
186	6433272	5394	-0.6584
186	4410	5394	-0.6586
186	5593	5394	-0.6588
186	9910224	5394	-0.6588
186	5743	5394	-0.6588
186	23635314	5394	-0.6593
186	3784	5394	-0.659
186	3712	5394	-0.6595
186	115269	5394	-0.6596
186	4487	5394	-0.6597
186	40632	5394	-0.6598
186	54685215	5394	-0.6599
186	9578005	5394	-0.6604
186	5284360	5394	-0.6607
186	5283820	5394	-0.6607
186	441308	5394	-0.6609
186	636402	5394	-0.6612
186	65859	5394	-0.6614
186	73356	5394	-0.6615
186	967	5394	-0.6616
186	60606	5394	-0.6617
186	5092	5394	-0.6617
186	57469	5394	-0.6617
186	51348293	5394	-0.6623
186	9891303	5394	-0.6623
186	12934390	5394	-0.6627
186	9903	5394	-0.6624
186	27350	5394	-0.6627
186	54676228	5394	-0.6626
186	76219	5394	-0.6627
186	9827599	5394	-0.6627
186	71360	5394	-0.6628
186	168993	5394	-0.6629
186	6505803	5394	-0.6636
186	5312149	5394	-0.6634
186	9933439	5394	-0.6635
186	5282474	5394	-0.6635
186	159278	5394	-0.6636
186	219025	5394	-0.6636
186	5280489	5394	-0.6637
186	3440	5394	-0.6638
186	164521	5394	-0.6638
186	4888	5394	-0.6643
186	3151	5394	-0.6644
186	11519741	5394	-0.6646
186	6251	5394	-0.6646
186	135398737	5394	-0.6646
186	24812758	5394	-0.6647
186	4494	5394	-0.6648
186	163701	5394	-0.6648
186	56329	5394	-0.6648
186	9952773	5394	-0.6648
186	4075	5394	-0.6648
186	2741	5394	-0.6654
186	73957	5394	-0.6654
186	18343	5394	-0.6656
186	8617	5394	-0.6658
186	6918427	5394	-0.6657
186	68853159	5394	-0.6666
186	156422	5394	-0.6666
186	5280793	5394	-0.6667
186	11326715	5394	-0.6667
186	91430	5394	-0.6667
186	9858940	5394	-0.6669
186	6918296	5394	-0.6669
186	2187	5394	-0.6669
186	6419941	5394	-0.667
186	441411	5394	-0.6669
186	11715767	5394	-0.667
186	904	5394	-0.6674
186	2581	5394	-0.6675
186	154417	5394	-0.6674
186	4068248	5394	-0.6676
186	445154	5394	-0.6677
186	5865	5394	-0.6679
186	31401	5394	-0.6683
186	104741	5394	-0.6684
186	26964	5394	-0.6686
186	8980	5394	-0.6687
186	11285588	5394	-0.6687
186	456199	5394	-0.6689
186	4810	5394	-0.6689
186	5755	5394	-0.6693
186	5881	5394	-0.6694
186	6890	5394	-0.6695
186	11565518	5394	-0.6696
186	20525	5394	-0.6696
186	22624897	5394	-0.6697
186	5656	5394	-0.6697
186	5816	5394	-0.6697
186	135398743	5394	-0.6698
186	64945	5394	-0.6703
186	5284441	5394	-0.6705
186	21704	5394	-0.6705
186	9351	5394	-0.6704
186	9894584	5394	-0.6706
186	610479	5394	-0.6707
186	11957684	5394	-0.6708
186	44247466	5394	-0.6708
186	114917	5394	-0.671
186	4421	5394	-0.6716
186	5284447	5394	-0.6716
186	25167777	5394	-0.6722
186	1893730	5394	-0.6719
186	5327	5394	-0.6718
186	443873	5394	-0.6718
186	5280961	5394	-0.6719
186	160254	5394	-0.6718
186	11178236	5394	-0.6725
186	68601	5394	-0.6719
186	657201	5394	-0.6722
186	23116322	5394	-0.6727
186	60822	5394	-0.6723
186	65948	5394	-0.6725
186	5281032	5394	-0.6725
186	3038525	5394	-0.6726
186	444020	5394	-0.6726
186	5464092	5394	-0.6727
186	3883	5394	-0.6728
186	68740	5394	-0.6728
186	3702	5394	-0.6728
186	9854073	5394	-0.6739
186	23662354	5394	-0.6735
186	10930	5394	-0.6735
186	71352	5394	-0.6735
186	4613731	5394	-0.6736
186	29327	5394	-0.6736
186	55182	5394	-0.6737
186	36339	5394	-0.6737
186	16220172	5394	-0.6738
186	3025961	5394	-0.6738
186	2907	5394	-0.6738
186	4735	5394	-0.6743
186	60138149	5394	-0.6744
186	644213	5394	-0.6745
186	110635	5394	-0.6748
186	72301	5394	-0.6747
186	3950	5394	-0.6749
186	441345	5394	-0.6748
186	83969	5394	-0.6749
186	35802	5394	-0.6754
186	10256643	5394	-0.6754
186	68626	5394	-0.6754
186	11957668	5394	-0.6756
186	3463	5394	-0.6757
186	39212	5394	-0.6759
186	132519	5394	-0.6764
186	8478	5394	-0.6765
186	5281672	5394	-0.6766
186	452548	5394	-0.6773
186	49846579	5394	-0.677
186	151166	5394	-0.6769
186	16736529	5394	-0.6774
186	13266	5394	-0.6773
186	3957	5394	-0.6774
186	23693301	5394	-0.6776
186	4121	5394	-0.6784
186	5770	5394	-0.6785
186	5281056	5394	-0.6785
186	656867	5394	-0.6786
186	135398635	5394	-0.6786
186	4205	5394	-0.6785
186	135413523	5394	-0.6787
186	144	5394	-0.6793
186	441325	5394	-0.6793
186	5113032	5394	-0.6794
186	5560	5394	-0.6794
186	638024	5394	-0.6795
186	160436	5394	-0.6795
186	2296132	5394	-0.6795
186	441328	5394	-0.6795
186	24965990	5394	-0.6795
186	14010333	5394	-0.6795
186	4887	5394	-0.6795
186	41774	5394	-0.6795
186	54686904	5394	-0.6797
186	2052	5394	-0.6799
186	46911863	5394	-0.6799
186	49836058	5394	-0.6803
186	62978	5394	-0.6804
186	3036780	5394	-0.6805
186	135413536	5394	-0.6805
186	44251605	5394	-0.6805
186	4497	5394	-0.6806
186	44093	5394	-0.6807
186	5459840	5394	-0.6807
186	51358113	5394	-0.6813
186	5282407	5394	-0.6815
186	65495	5394	-0.6816
186	9865515	5394	-0.6824
186	688272	5394	-0.6825
186	19648	5394	-0.6826
186	151170	5394	-0.6826
186	16007367	5394	-0.6827
186	16220066	5394	-0.6827
186	123631	5394	-0.6828
186	135539077	5394	-0.6834
186	16124208	5394	-0.6835
186	86471	5394	-0.6832
186	16097729	5394	-0.6835
186	667490	5394	-0.6835
186	16051951	5394	-0.6835
186	5742	5394	-0.6835
186	6857599	5394	-0.6836
186	24720972	5394	-0.6836
186	8574	5394	-0.6843
186	68624	5394	-0.6843
186	9051	5394	-0.6845
186	8732	5394	-0.6845
186	2438	5394	-0.6846
186	37542	5394	-0.6846
186	6918313	5394	-0.6846
186	200103	5394	-0.6847
186	5280795	5394	-0.685
186	9843750	5394	-0.6855
186	23665411	5394	-0.6858
186	448537	5394	-0.6858
186	15547703	5394	-0.6862
186	2044	5394	-0.6862
186	2723716	5394	-0.6862
186	46887681	5394	-0.6865
186	14240392	5394	-0.6866
186	3052775	5394	-0.6868
186	5280794	5394	-0.6873
186	55245	5394	-0.6873
186	64737	5394	-0.6875
186	3085092	5394	-0.6877
186	16202152	5394	-0.6881
186	5328779	5394	-0.688
186	9821849	5394	-0.6881
186	64710	5394	-0.6884
186	227456	5394	-0.6884
186	23666110	5394	-0.6886
186	5280443	5394	-0.6886
186	73581	5394	-0.6887
186	53495165	5394	-0.6888
186	156414	5394	-0.689
186	135533054	5394	-0.6892
186	36314	5394	-0.6898
186	791637	5394	-0.6895
186	11955855	5394	-0.6899
186	15723	5394	-0.6894
186	72200024	5394	-0.6896
186	5329	5394	-0.6896
186	56959	5394	-0.6897
186	24905149	5394	-0.69
186	47528	5394	-0.6903
186	5311272	5394	-0.6904
186	5282481	5394	-0.6905
186	161557	5394	-0.6904
186	3362	5394	-0.6904
186	5340	5394	-0.6906
186	5281607	5394	-0.6906
186	11273	5394	-0.6907
186	15443	5394	-0.6912
186	667493	5394	-0.6914
186	44240850	5394	-0.6916
186	11243969	5394	-0.6916
186	5281066	5394	-0.6916
186	4823	5394	-0.6916
186	13520	5394	-0.6917
186	42642648	5394	-0.692
186	23668193	5394	-0.6922
186	6103	5394	-0.6924
186	72344	5394	-0.6924
186	16038374	5394	-0.6924
186	5281613	5394	-0.6925
186	936	5394	-0.6927
186	5330790	5394	-0.6929
186	5278396	5394	-0.6929
186	148124	5394	-0.6937
186	10309252	5394	-0.6933
186	68727	5394	-0.6934
186	1174	5394	-0.6935
186	6436208	5394	-0.694
186	17506	5394	-0.6935
186	11234052	5394	-0.6934
186	21718	5394	-0.6935
186	54766613	5394	-0.6935
186	54891	5394	-0.6944
186	16219651	5394	-0.6945
186	3767	5394	-0.6945
186	107848	5394	-0.6946
186	5756	5394	-0.6946
186	20279	5394	-0.6952
186	135421442	5394	-0.6954
186	3747	5394	-0.6951
186	160355	5394	-0.6952
186	24857286	5394	-0.6953
186	1794427	5394	-0.6955
186	657302	5394	-0.6955
186	23667642	5394	-0.6957
186	5280965	5394	-0.6957
186	216239	5394	-0.6957
186	135398641	5394	-0.6964
186	162147	5394	-0.6964
186	157920	5394	-0.6965
186	441336	5394	-0.6963
186	5281807	5394	-0.6966
186	5282136	5394	-0.6966
186	92727	5394	-0.6971
186	53232	5394	-0.6972
186	60699	5394	-0.6977
186	5311345	5394	-0.6974
186	3639	5394	-0.6973
186	464205	5394	-0.6977
186	6604561	5394	-0.6977
186	92151	5394	-0.6978
186	5281787	5394	-0.6982
186	13770	5394	-0.6983
186	60825	5394	-0.6984
186	3549	5394	-0.6985
186	71481097	5394	-0.6988
186	210172	5394	-0.6986
186	16230	5394	-0.6986
186	447043	5394	-0.6987
186	2415	5394	-0.6995
186	73442	5394	-0.6996
186	3001055	5394	-0.6996
186	9458	5394	-0.6997
186	44219749	5394	-0.6995
186	44187	5394	-0.6997
186	2729042	5394	-0.6995
186	17754438	5394	-0.6999
186	8593	5394	-0.7002
186	3686	5394	-0.7003
186	5359	5394	-0.7005
186	5720	5394	-0.7005
186	62935	5394	-0.7006
186	5282440	5394	-0.7006
186	1548887	5394	-0.7007
186	5337997	5394	-0.7007
186	45489809	5394	-0.701
186	5730	5394	-0.7012
186	24779724	5394	-0.7012
186	8695	5394	-0.7013
186	1901244	5394	-0.7014
186	42574	5394	-0.7013
186	135564864	5394	-0.7014
186	3339	5394	-0.7014
186	71279	5394	-0.7015
186	216322	5394	-0.7015
186	9270	5394	-0.7016
186	46853837	5394	-0.7016
186	9860529	5394	-0.7016
186	24794418	5394	-0.7021
186	54698642	5394	-0.7025
186	5321010	5394	-0.7026
186	54677971	5394	-0.7026
186	5485201	5394	-0.7027
186	51031035	5394	-0.7028
186	65777	5394	-0.7035
186	11431811	5394	-0.7034
186	5328	5394	-0.7035
186	17513	5394	-0.7036
186	2733525	5394	-0.7036
186	68553	5394	-0.7037
186	439501	5394	-0.7037
186	23671691	5394	-0.7042
186	9880	5394	-0.7043
186	8798	5394	-0.7044
186	23663956	5394	-0.7045
186	10077147	5394	-0.7049
186	41114	5394	-0.7047
186	5280378	5394	-0.7051
186	60838	5394	-0.7053
186	2265	5394	-0.7054
186	10182969	5394	-0.7055
186	23685177	5394	-0.7055
186	6444692	5394	-0.706
186	6918203	5394	-0.7063
186	969516	5394	-0.7064
186	44607530	5394	-0.7065
186	441307	5394	-0.7066
186	65999	5394	-0.7068
186	5324	5394	-0.7071
186	3101542	5394	-0.7072
186	60560	5394	-0.7072
186	656631	5394	-0.7073
186	6048	5394	-0.7074
186	4211	5394	-0.7074
186	5994	5394	-0.7073
186	637568	5394	-0.7076
186	11317348	5394	-0.7077
186	4911	5394	-0.7076
186	60656	5394	-0.7082
186	2777391	5394	-0.7084
186	35370	5394	-0.7085
186	444025	5394	-0.7084
186	83823	5394	-0.7085
186	5169	5394	-0.7086
186	5745	5394	-0.7086
186	44516953	5394	-0.709
186	6420013	5394	-0.7086
186	443867	5394	-0.7085
186	41781	5394	-0.7086
186	135418940	5394	-0.7086
186	44206063	5394	-0.7088
186	54679224	5394	-0.7088
186	3902	5394	-0.7087
186	11955716	5394	-0.7094
186	10701	5394	-0.7091
186	60160561	5394	-0.7092
186	36431	5394	-0.7091
186	16367	5394	-0.7093
186	3334	5394	-0.7099
186	1549008	5394	-0.7096
186	5597	5394	-0.7095
186	444795	5394	-0.7105
186	37907	5394	-0.7103
186	5510	5394	-0.7103
186	2541	5394	-0.7105
186	4713	5394	-0.7107
186	10288191	5394	-0.711
186	24180719	5394	-0.7114
186	134601	5394	-0.7114
186	5311037	5394	-0.7114
186	135398748	5394	-0.7113
186	9887867	5394	-0.7113
186	4055	5394	-0.7115
186	176871	5394	-0.7115
186	616236	5394	-0.7117
186	9903786	5394	-0.7115
186	5702062	5394	-0.712
186	456389	5394	-0.712
186	448014	5394	-0.7122
186	59174579	5394	-0.7121
186	62859	5394	-0.7121
186	5459308	5394	-0.7122
186	123964	5394	-0.7123
186	1271002	5394	-0.7122
186	24821094	5394	-0.7123
186	6240	5394	-0.7123
186	11434065	5394	-0.7126
186	11646823	5394	-0.7127
186	159968	5394	-0.7129
186	54704426	5394	-0.7133
186	104769	5394	-0.7132
186	5280723	5394	-0.7132
186	4622	5394	-0.714
186	11671467	5394	-0.7143
186	6256	5394	-0.714
186	5311510	5394	-0.7142
186	68551	5394	-0.7143
186	54360	5394	-0.7144
186	4044	5394	-0.7144
186	42623951	5394	-0.7145
186	5042	5394	-0.7148
186	216457	5394	-0.7151
186	135413545	5394	-0.7153
186	135419190	5394	-0.7152
186	21467	5394	-0.7153
186	28061	5394	-0.7154
186	9941095	5394	-0.7156
186	5905	5394	-0.7161
186	6473883	5394	-0.7163
186	16681698	5394	-0.7167
186	8742	5394	-0.7165
186	1048267	5394	-0.7166
186	1791111	5394	-0.717
186	374536	5394	-0.7174
186	13791	5394	-0.7173
186	3371	5394	-0.7173
186	68827	5394	-0.7175
186	15983966	5394	-0.7179
186	675434	5394	-0.718
186	5757	5394	-0.7184
186	157313	5394	-0.7185
186	68643	5394	-0.7187
186	44195571	5394	-0.7193
186	9433	5394	-0.7192
186	5090	5394	-0.7193
186	23663939	5394	-0.7193
186	71354	5394	-0.7194
186	16760658	5394	-0.7194
186	135415867	5394	-0.7195
186	439533	5394	-0.7195
186	447912	5394	-0.7194
186	135398745	5394	-0.7196
186	5281899	5394	-0.7197
186	47812	5394	-0.7202
186	66558287	5394	-0.7204
186	2540	5394	-0.7204
186	33613	5394	-0.7206
186	11238147	5394	-0.7208
186	5281065	5394	-0.7211
186	133021	5394	-0.7212
186	3220	5394	-0.7212
186	65335	5394	-0.7213
186	11431660	5394	-0.7212
186	6438130	5394	-0.7214
186	4173	5394	-0.7215
186	6126	5394	-0.7215
186	4165	5394	-0.7215
186	5282386	5394	-0.7216
186	9576185	5394	-0.7216
186	44137675	5394	-0.7218
186	6420040	5394	-0.7217
186	91610	5394	-0.7224
186	656586	5394	-0.7224
186	656516	5394	-0.7225
186	836002	5394	-0.7226
186	5281034	5394	-0.7226
186	5284373	5394	-0.7227
186	57519544	5394	-0.7228
186	24211921	5394	-0.7233
186	16078986	5394	-0.7234
186	4485	5394	-0.7233
186	3365	5394	-0.7237
186	10367662	5394	-0.7236
186	6169	5394	-0.7241
186	49867937	5394	-0.7245
186	71157	5394	-0.7243
186	7251185	5394	-0.7244
186	5978	5394	-0.7249
186	23725083	5394	-0.7245
186	71496742	5394	-0.7248
186	4594	5394	-0.7248
186	57748689	5394	-0.7251
186	15951529	5394	-0.7249
186	90045	5394	-0.7251
186	2315	5394	-0.7251
186	39042	5394	-0.7253
186	5280569	5394	-0.7254
186	16004692	5394	-0.7253
186	11167602	5394	-0.7253
186	11224	5394	-0.7253
186	71420	5394	-0.7259
186	54684141	5394	-0.7259
186	10041070	5394	-0.7259
186	5282408	5394	-0.7262
186	3825	5394	-0.7262
186	71399	5394	-0.7262
186	2787	5394	-0.7263
186	23663126	5394	-0.7264
186	3168	5394	-0.7264
186	5311498	5394	-0.7265
186	11373846	5394	-0.7267
186	5405	5394	-0.7269
186	25262965	5394	-0.727
186	448799	5394	-0.7275
186	1985	5394	-0.7273
186	657298	5394	-0.7274
186	5485193	5394	-0.7278
186	7172	5394	-0.7279
186	10917	5394	-0.7284
186	60855	5394	-0.7284
186	3752	5394	-0.7289
186	9875401	5394	-0.7292
186	68844	5394	-0.7293
186	11745519	5394	-0.7294
186	568416	5394	-0.7294
186	73777259	5394	-0.7297
186	5281417	5394	-0.7298
186	448013	5394	-0.7305
186	16760588	5394	-0.7302
186	9444	5394	-0.7303
186	2094	5394	-0.7304
186	16490	5394	-0.7303
186	5318997	5394	-0.7312
186	5282138	5394	-0.7312
186	10231331	5394	-0.7312
186	6019	5394	-0.7314
186	44483163	5394	-0.7313
186	32169	5394	-0.7313
186	5526	5394	-0.7314
186	66136	5394	-0.7314
186	10177	5394	-0.7319
186	3045381	5394	-0.7319
186	2355	5394	-0.732
186	11462174	5394	-0.7323
186	2244	5394	-0.7324
186	24826799	5394	-0.733
186	4708	5394	-0.7329
186	5754	5394	-0.7328
186	64150	5394	-0.733
186	11591741	5394	-0.7333
186	4855	5394	-0.7333
186	3000518	5394	-0.7334
186	5281081	5394	-0.7334
186	54708532	5394	-0.7334
186	14051	5394	-0.7334
186	5281004	5394	-0.7337
186	789882	5394	-0.7339
186	445858	5394	-0.7341
186	5284329	5394	-0.7341
186	72551585	5394	-0.7343
186	2682	5394	-0.7342
186	62920	5394	-0.7343
186	4235	5394	-0.7343
186	2206	5394	-0.7343
186	6215	5394	-0.7344
186	51040	5394	-0.7346
186	10253143	5394	-0.7346
186	5258	5394	-0.7346
186	24872560	5394	-0.7347
186	6917864	5394	-0.7348
186	148195	5394	-0.7351
186	119607	5394	-0.735
186	24772860	5394	-0.7355
186	66259	5394	-0.7352
186	5281708	5394	-0.7354
186	167980	5394	-0.7354
186	60196281	5394	-0.7354
186	5333	5394	-0.7354
186	67533	5394	-0.7356
186	6172	5394	-0.7356
186	3047796	5394	-0.7358
186	16041424	5394	-0.7362
186	444	5394	-0.7361
186	11398092	5394	-0.7361
186	9869929	5394	-0.7364
186	10341154	5394	-0.7363
186	60871	5394	-0.7365
186	179651	5394	-0.7366
186	644241	5394	-0.7367
186	6419898	5394	-0.737
186	5362129	5394	-0.737
186	3826	5394	-0.7372
186	20179	5394	-0.7375
186	24278976	5394	-0.7381
186	222285	5394	-0.7382
186	135398739	5394	-0.7383
186	470375	5394	-0.7384
186	2375	5394	-0.7384
186	122125	5394	-0.7383
186	10866	5394	-0.7383
186	56205	5394	-0.7388
186	67811385	5394	-0.7389
186	71668	5394	-0.739
186	4022878	5394	-0.7391
186	71651	5394	-0.7391
186	1550286	5394	-0.7393
186	119525	5394	-0.7394
186	23663973	5394	-0.7395
186	16118986	5394	-0.7397
186	42598643	5394	-0.7398
186	11488320	5394	-0.7398
186	24066	5394	-0.7399
186	3010818	5394	-0.74
186	2724368	5394	-0.7402
186	441302	5394	-0.7402
186	6613	5394	-0.7403
186	100016	5394	-0.7403
186	65064	5394	-0.7404
186	6279	5394	-0.7404
186	2196	5394	-0.7405
186	2478	5394	-0.7407
186	5161	5394	-0.7411
186	666418	5394	-0.7411
186	6918078	5394	-0.7411
186	134018	5394	-0.7411
186	22880	5394	-0.7413
186	11065	5394	-0.7413
186	68077	5394	-0.7412
186	56956240	5394	-0.7413
186	24768261	5394	-0.7414
186	11226684	5394	-0.742
186	9549289	5394	-0.7423
186	56704	5394	-0.7424
186	2082	5394	-0.7432
186	66558664	5394	-0.7431
186	135413534	5394	-0.7432
186	1048845	5394	-0.7432
186	63002	5394	-0.7433
186	216345	5394	-0.7436
186	3002977	5394	-0.7441
186	12597	5394	-0.7441
186	46199646	5394	-0.7442
186	3108	5394	-0.7445
186	33630	5394	-0.745
186	9874913	5394	-0.7451
186	135398741	5394	-0.7452
186	6422124	5394	-0.7452
186	54685920	5394	-0.7452
186	135398740	5394	-0.7452
186	207841	5394	-0.7453
186	4409	5394	-0.7461
186	8228	5394	-0.7461
186	5282402	5394	-0.7463
186	135511839	5394	-0.7463
186	54670067	5394	-0.7465
186	5155	5394	-0.7466
186	124087	5394	-0.7466
186	442088	5394	-0.7472
186	76621	5394	-0.7469
186	9934458	5394	-0.7472
186	1150897	5394	-0.7473
186	5430	5394	-0.7478
186	72300	5394	-0.7483
186	11595431	5394	-0.7483
186	310360	5394	-0.7483
186	42611257	5394	-0.7485
186	449193	5394	-0.7485
186	72716071	5394	-0.7484
186	9907093	5394	-0.7486
186	10208	5394	-0.7489
186	323	5394	-0.749
186	6461	5394	-0.7491
186	11455910	5394	-0.7493
186	11548	5394	-0.7491
186	5284587	5394	-0.7491
186	102175	5394	-0.7493
186	2176	5394	-0.7493
186	2148	5394	-0.7495
186	10026128	5394	-0.7496
186	54675779	5394	-0.7502
186	5280445	5394	-0.7503
186	1088438	5394	-0.7507
186	31307	5394	-0.7506
186	24856041	5394	-0.7512
186	3117	5394	-0.7509
186	4472	5394	-0.7511
186	11949646	5394	-0.7513
186	39562	5394	-0.7512
186	11383075	5394	-0.7513
186	158550	5394	-0.7515
186	71764	5394	-0.7518
186	6503	5394	-0.7521
186	59604787	5394	-0.7523
186	9642	5394	-0.7524
186	2733	5394	-0.7528
186	16052038	5394	-0.7529
186	108130	5394	-0.753
186	672296	5394	-0.7531
186	3374	5394	-0.7531
186	9849808	5394	-0.7531
186	9825149	5394	-0.7532
186	46926350	5394	-0.7535
186	216237	5394	-0.7539
186	4621	5394	-0.7539
186	300471	5394	-0.7542
186	150311	5394	-0.7543
186	5281437	5394	-0.7545
186	240767	5394	-0.7544
186	62969	5394	-0.7549
186	2763	5394	-0.7551
186	60961	5394	-0.7551
186	51712	5394	-0.755
186	71315139	5394	-0.7552
186	5281067	5394	-0.7553
186	44462760	5394	-0.7554
186	9915743	5394	-0.7556
186	68911	5394	-0.7558
186	63009	5394	-0.7562
186	11313622	5394	-0.7563
186	2554	5394	-0.7563
186	17275	5394	-0.7563
186	3475	5394	-0.7564
186	57390074	5394	-0.7565
186	6741	5394	-0.7569
186	5325	5394	-0.7571
186	108013	5394	-0.7573
186	7533	5394	-0.7573
186	9804992	5394	-0.7581
186	5646	5394	-0.7576
186	214348	5394	-0.7577
186	10296883	5394	-0.7581
186	5483	5394	-0.7581
186	17751063	5394	-0.7581
186	3606	5394	-0.7589
186	1549517	5394	-0.7589
186	6918664	5394	-0.7589
186	1204893	5394	-0.7591
186	23667628	5394	-0.7591
186	47320	5394	-0.7592
186	73115	5394	-0.7592
186	9827968	5394	-0.7595
186	16747683	5394	-0.7597
186	656667	5394	-0.7595
186	60834	5394	-0.7597
186	6440181	5394	-0.7598
186	445643	5394	-0.7599
186	176406	5394	-0.76
186	36708	5394	-0.7602
186	64982	5394	-0.7604
186	9887712	5394	-0.7603
186	3672	5394	-0.7607
186	66062	5394	-0.7608
186	3062316	5394	-0.7616
186	56645356	5394	-0.7611
186	6436173	5394	-0.7612
186	13342	5394	-0.7618
186	60651	5394	-0.7615
186	2391	5394	-0.7619
186	171548	5394	-0.7625
186	11957721	5394	-0.7626
186	134780	5394	-0.7632
186	46209426	5394	-0.7634
186	24748573	5394	-0.7635
186	5329006	5394	-0.7637
186	9910486	5394	-0.7641
186	23666879	5394	-0.7641
186	3229	5394	-0.7642
186	107969	5394	-0.7643
186	5281605	5394	-0.7644
186	104850	5394	-0.7644
186	6009	5394	-0.765
186	2797577	5394	-0.7651
186	23663979	5394	-0.7652
186	10639	5394	-0.7658
186	23683671	5394	-0.7661
186	1548994	5394	-0.766
186	6209	5394	-0.766
186	72139	5394	-0.7661
186	65340	5394	-0.7662
186	71301	5394	-0.7667
186	25021165	5394	-0.7668
186	2807869	5394	-0.767
186	2827646	5394	-0.7671
186	27447	5394	-0.7672
186	23685176	5394	-0.7671
186	59472121	5394	-0.7678
186	10830	5394	-0.7678
186	5479	5394	-0.7679
186	5071	5394	-0.768
186	6918848	5394	-0.769
186	5763	5394	-0.7688
186	9818682	5394	-0.7689
186	5742832	5394	-0.7689
186	446598	5394	-0.769
186	46934289	5394	-0.7692
186	5546	5394	-0.7692
186	6445562	5394	-0.7692
186	53235510	5394	-0.7694
186	11673085	5394	-0.7699
186	60846	5394	-0.7699
186	46199207	5394	-0.7705
186	24995523	5394	-0.771
186	4829	5394	-0.7707
186	2893	5394	-0.771
186	92965	5394	-0.7711
186	135399748	5394	-0.7716
186	2378	5394	-0.7721
186	71773	5394	-0.7721
186	71815	5394	-0.772
186	146571	5394	-0.772
186	49867928	5394	-0.7722
186	11612883	5394	-0.7725
186	181458	5394	-0.7725
186	4499	5394	-0.7726
186	6918736	5394	-0.7732
186	56962337	5394	-0.773
186	1549120	5394	-0.7731
186	5284452	5394	-0.7733
186	24905142	5394	-0.7738
186	6918446	5394	-0.7734
186	45375953	5394	-0.774
186	753704	5394	-0.7738
186	24775005	5394	-0.7738
186	4488	5394	-0.7741
186	11640390	5394	-0.7743
186	4008	5394	-0.7746
186	5282139	5394	-0.775
186	398148	5394	-0.7751
186	1615267	5394	-0.7757
186	2819993	5394	-0.7758
186	2155	5394	-0.7759
186	449054	5394	-0.7759
186	10921	5394	-0.7759
186	4507	5394	-0.7762
186	24901704	5394	-0.7762
186	3081361	5394	-0.7767
186	57662985	5394	-0.7768
186	68554	5394	-0.7769
186	44607531	5394	-0.777
186	10133	5394	-0.7771
186	11477084	5394	-0.777
186	5281718	5394	-0.7782
186	9868037	5394	-0.7783
186	24770514	5394	-0.7781
186	11338033	5394	-0.7787
186	11656518	5394	-0.7786
186	46931953	5394	-0.7788
186	5429	5394	-0.7788
186	2797	5394	-0.7791
186	107985	5394	-0.7796
186	65016	5394	-0.7792
186	3397	5394	-0.7793
186	312145	5394	-0.7797
186	25124816	5394	-0.7802
186	442021	5394	-0.7804
186	13559281	5394	-0.7808
186	11655119	5394	-0.7809
186	54840	5394	-0.7811
186	44224135	5394	-0.7812
186	4521392	5394	-0.7814
186	10437018	5394	-0.7814
186	9914412	5394	-0.7822
186	16760696	5394	-0.7817
186	65632	5394	-0.7819
186	6519698	5394	-0.7821
186	938	5394	-0.7828
186	66065	5394	-0.7829
186	400169	5394	-0.7832
186	47866	5394	-0.783
186	4909	5394	-0.783
186	11713159	5394	-0.7834
186	1074953	5394	-0.784
186	20933	5394	-0.7842
186	42642645	5394	-0.7849
186	238053	5394	-0.7844
186	10435235	5394	-0.7849
186	137	5394	-0.7852
186	2800647	5394	-0.7854
186	62886	5394	-0.7858
186	6851740	5394	-0.7862
186	9843900	5394	-0.7862
186	62882	5394	-0.7866
186	16007391	5394	-0.7874
186	11364421	5394	-0.7874
186	2310	5394	-0.7869
186	16211283	5394	-0.7873
186	10184653	5394	-0.788
186	441314	5394	-0.7883
186	23667548	5394	-0.7882
186	47471	5394	-0.7885
186	24785538	5394	-0.7891
186	5311309	5394	-0.7888
186	3385	5394	-0.7891
186	2337	5394	-0.7895
186	2722	5394	-0.7896
186	4659569	5394	-0.7898
186	6060	5394	-0.7899
186	6918540	5394	-0.79
186	23643975	5394	-0.7905
186	2725048	5394	-0.7901
186	444679	5394	-0.7902
186	6435893	5394	-0.7912
186	65944	5394	-0.7912
186	5281069	5394	-0.7916
186	41684	5394	-0.7917
186	135413494	5394	-0.792
186	1383884	5394	-0.792
186	176873	5394	-0.7922
186	1274465	5394	-0.7933
186	3488	5394	-0.7933
186	11751549	5394	-0.7938
186	60795	5394	-0.7935
186	3182	5394	-0.7938
186	65341	5394	-0.7945
186	5280805	5394	-0.7946
186	2577	5394	-0.7949
186	135421339	5394	-0.7949
186	3035714	5394	-0.7952
186	9937686	5394	-0.7951
186	5310993	5394	-0.7956
186	71729974	5394	-0.796
186	20849066	5394	-0.7961
186	2809273	5394	-0.7962
186	5070	5394	-0.7968
186	441242	5394	-0.7969
186	56846693	5394	-0.7971
186	5281614	5394	-0.797
186	5287855	5394	-0.7971
186	44191096	5394	-0.7976
186	5807	5394	-0.7978
186	150762	5394	-0.7981
186	447966	5394	-0.7982
186	9956222	5394	-0.7984
186	9909368	5394	-0.7991
186	65935	5394	-0.799
186	451668	5394	-0.7992
186	78000	5394	-0.7999
186	9967941	5394	-0.8
186	27200	5394	-0.8
186	2466	5394	-0.8007
186	5909	5394	-0.8012
186	9782	5394	-0.8013
186	10027278	5394	-0.8018
186	2817763	5394	-0.802
186	135705561	5394	-0.802
186	46244454	5394	-0.8027
186	25113626	5394	-0.8028
186	509554	5394	-0.803
186	5289501	5394	-0.8032
186	153994	5394	-0.8038
186	46239015	5394	-0.8042
186	657308	5394	-0.8048
186	441344	5394	-0.8049
186	71485	5394	-0.8052
186	2051	5394	-0.8052
186	11712649	5394	-0.8057
186	153997	5394	-0.8054
186	11256720	5394	-0.8055
186	136240571	5394	-0.8057
186	11454028	5394	-0.806
186	5803	5394	-0.8061
186	702558	5394	-0.8062
186	11689883	5394	-0.8062
186	59772	5394	-0.8065
186	3476986	5394	-0.807
186	135398495	5394	-0.8076
186	4993	5394	-0.8072
186	8955	5394	-0.8073
186	44155856	5394	-0.8077
186	6918462	5394	-0.8075
186	10034073	5394	-0.8079
186	521106	5394	-0.808
186	3034010	5394	-0.8082
186	114811	5394	-0.8083
186	159325	5394	-0.8088
186	46213929	5394	-0.8091
186	45139106	5394	-0.8088
186	16307093	5394	-0.8088
186	12456	5394	-0.8089
186	11314340	5394	-0.8095
186	22049997	5394	-0.8099
186	9892071	5394	-0.8105
186	10494	5394	-0.8106
186	11219835	5394	-0.8108
186	11485656	5394	-0.8111
186	11625818	5394	-0.8115
186	6872	5394	-0.812
186	5793	5394	-0.8122
186	11520894	5394	-0.812
186	135398492	5394	-0.8123
186	135398513	5394	-0.8126
186	440936	5394	-0.8129
186	72201027	5394	-0.8129
186	5694	5394	-0.813
186	2723754	5394	-0.813
186	9929138	5394	-0.8131
186	16078973	5394	-0.8136
186	3822	5394	-0.8138
186	638278	5394	-0.8138
186	31072	5394	-0.8138
186	11953895	5394	-0.814
186	5702541	5394	-0.8139
186	3825829	5394	-0.8143
186	667467	5394	-0.8146
186	60490	5394	-0.8154
186	444036	5394	-0.8164
186	3326	5394	-0.8171
186	3559	5394	-0.8171
186	49837968	5394	-0.8174
186	25151504	5394	-0.8174
186	84029	5394	-0.8177
186	5329098	5394	-0.818
186	16759159	5394	-0.818
186	11617559	5394	-0.8182
186	10202642	5394	-0.819
186	2585	5394	-0.8197
186	3085326	5394	-0.8202
186	11620908	5394	-0.8205
186	45279963	5394	-0.8207
186	8582409	5394	-0.8207
186	68304	5394	-0.8207
186	135191	5394	-0.8207
186	9927971	5394	-0.8208
186	2733079	5394	-0.8209
186	327653	5394	-0.8211
186	5277135	5394	-0.8215
186	5323	5394	-0.8217
186	115087	5394	-0.8221
186	135565635	5394	-0.8222
186	46926973	5394	-0.8223
186	50905713	5394	-0.8226
186	159324	5394	-0.8228
186	2828334	5394	-0.823
186	166558	5394	-0.8228
186	53356806	5394	-0.823
186	165542	5394	-0.823
186	5281673	5394	-0.8231
186	2746	5394	-0.8233
186	65752	5394	-0.824
186	16678941	5394	-0.8241
186	115067	5394	-0.8251
186	6442177	5394	-0.8251
186	54685047	5394	-0.8257
186	9910986	5394	-0.8261
186	2812	5394	-0.8262
186	5486699	5394	-0.826
186	3025986	5394	-0.8266
186	46940575	5394	-0.8267
186	5388961	5394	-0.8267
186	441140	5394	-0.8269
186	5353431	5394	-0.8274
186	46893585	5394	-0.8273
186	86278937	5394	-0.8275
186	6918493	5394	-0.8275
186	49806720	5394	-0.8276
186	11570805	5394	-0.8278
186	4114	5394	-0.828
186	3795	5394	-0.8283
186	439503	5394	-0.8288
186	46173038	5394	-0.8287
186	24739943	5394	-0.8291
186	170367	5394	-0.8294
186	1554208	5394	-0.8296
186	5447130	5394	-0.8295
186	24764449	5394	-0.8305
186	6451164	5394	-0.8309
186	71916	5394	-0.8317
186	114850	5394	-0.8317
186	5702160	5394	-0.8325
186	400769	5394	-0.8337
186	125017	5394	-0.834
186	11754511	5394	-0.8348
186	4197	5394	-0.8351
186	21700	5394	-0.8352
186	24771867	5394	-0.8359
186	2453	5394	-0.8357
186	135421197	5394	-0.8359
186	5578	5394	-0.8356
186	23675743	5394	-0.8358
186	5284513	5394	-0.8363
186	3023	5394	-0.8366
186	49836027	5394	-0.8371
186	3005572	5394	-0.8367
186	72281	5394	-0.8369
186	15953870	5394	-0.8372
186	11561674	5394	-0.8378
186	23663996	5394	-0.838
186	5311217	5394	-0.838
186	56599293	5394	-0.8385
186	854026	5394	-0.8382
186	11998575	5394	-0.8381
186	1046	5394	-0.8384
186	5284544	5394	-0.8385
186	5281025	5394	-0.8386
186	62878	5394	-0.8397
186	16667431	5394	-0.8402
186	56843850	5394	-0.841
186	22024915	5394	-0.8414
186	24996872	5394	-0.8413
186	4463	5394	-0.8414
186	4440	5394	-0.8417
186	3657	5394	-0.842
186	5284616	5394	-0.8421
186	6918852	5394	-0.8426
186	25145656	5394	-0.843
186	4760	5394	-0.8433
186	42636535	5394	-0.844
186	2049	5394	-0.844
186	4495	5394	-0.8446
186	9826528	5394	-0.8448
186	68589	5394	-0.8459
186	59174488	5394	-0.8465
186	74989	5394	-0.8466
186	5458190	5394	-0.8477
186	4189	5394	-0.848
186	6293	5394	-0.8479
186	6449107	5394	-0.8497
186	7638	5394	-0.8498
186	148201	5394	-0.8499
186	91469	5394	-0.8499
186	154272	5394	-0.8504
186	108143	5394	-0.8508
186	43231	5394	-0.8509
186	135449332	5394	-0.8509
186	2762	5394	-0.8509
186	6912	5394	-0.8527
186	11175137	5394	-0.8531
186	25260757	5394	-0.8533
186	5291	5394	-0.8533
186	4261	5394	-0.8534
186	9884685	5394	-0.8538
186	47936	5394	-0.8546
186	2230	5394	-0.8549
186	2794	5394	-0.8556
186	68591	5394	-0.856
186	11476171	5394	-0.8561
186	6450551	5394	-0.8565
186	5494449	5394	-0.8566
186	5281078	5394	-0.8566
186	11676786	5394	-0.8572
186	9834591	5394	-0.8577
186	72307	5394	-0.8585
186	17755052	5394	-0.8586
186	64971	5394	-0.8587
186	72199292	5394	-0.8588
186	3032771	5394	-0.8589
186	11210478	5394	-0.8592
186	3333	5394	-0.861
186	51000408	5394	-0.8615
186	65483	5394	-0.8615
186	25099184	5394	-0.862
186	51371303	5394	-0.8626
186	54678490	5394	-0.8633
186	3715	5394	-0.8636
186	11249084	5394	-0.8648
186	189821	5394	-0.8653
186	5311066	5394	-0.8654
186	23711819	5394	-0.8669
186	57990869	5394	-0.8673
186	82146	5394	-0.8676
186	54726191	5394	-0.8687
186	5495818	5394	-0.8695
186	6175	5394	-0.8695
186	10158940	5394	-0.8701
186	11556427	5394	-0.8701
186	5281222	5394	-0.8701
186	5921672	5394	-0.8703
186	5073	5394	-0.8702
186	5335621	5394	-0.8709
186	6918289	5394	-0.8711
186	23625762	5394	-0.8713
186	1401	5394	-0.8723
186	3394	5394	-0.8723
186	311434	5394	-0.8736
186	2214	5394	-0.8738
186	11442891	5394	-0.8742
186	10207	5394	-0.8741
186	10074640	5394	-0.8747
186	25227436	5394	-0.8749
186	60464	5394	-0.8754
186	6918537	5394	-0.8755
186	73078	5394	-0.8757
186	3038522	5394	-0.8758
186	11214940	5394	-0.8766
186	16219401	5394	-0.8764
186	11074431	5394	-0.8765
186	5280343	5394	-0.8767
186	36462	5394	-0.8775
186	59239165	5394	-0.8785
186	10228	5394	-0.8794
186	54671008	5394	-0.8797
186	11222830	5394	-0.88
186	10237	5394	-0.8834
186	5215	5394	-0.8838
186	11676373	5394	-0.8858
186	3324	5394	-0.8864
186	46930998	5394	-0.8872
186	135564570	5394	-0.8873
186	135398516	5394	-0.8874
186	25182616	5394	-0.8877
186	123596	5394	-0.8887
186	443943	5394	-0.8893
186	60195218	5394	-0.8893
186	676352	5394	-0.8893
186	11427553	5394	-0.8897
186	9015	5394	-0.8897
186	10434468	5394	-0.8898
186	5318517	5394	-0.8913
186	10138980	5394	-0.8924
186	73087	5394	-0.8928
186	56650312	5394	-0.8942
186	5288382	5394	-0.8947
186	165457	5394	-0.8945
186	71295845	5394	-0.8969
186	443936	5394	-0.8993
186	6605258	5394	-0.8996
186	5282379	5394	-0.8998
186	3499	5394	-0.902
186	193962	5394	-0.9062
186	9931954	5394	-0.9071
186	2333	5394	-0.9076
186	10206	5394	-0.9089
186	3025944	5394	-0.9105
186	5362422	5394	-0.9108
186	49855250	5394	-0.916
186	49784945	5394	-0.9157
186	667639	5394	-0.9194
186	46209401	5394	-0.9204
186	9840076	5394	-0.9211
186	11609955	5394	-0.9213
186	16038120	5394	-0.9239
186	9549295	5394	-0.9253
186	10096344	5394	-0.9274
186	11977753	5394	-0.9277
186	5505	5394	-0.9294
186	24788740	5394	-0.9299
186	16725726	5394	-0.9311
186	51038269	5394	-0.933
186	17751819	5394	-0.9345
186	10160238	5394	-0.9346
186	9871419	5394	-0.9348
186	11213558	5394	-0.9372
186	442534	5394	-0.9368
186	5311	5394	-0.9375
186	899323	5394	-0.9376
186	123985	5394	-0.9382
186	16718576	5394	-0.9384
186	6852167	5394	-0.9387
186	53396311	5394	-0.939
186	11609586	5394	-0.9415
186	9808844	5394	-0.944
186	4858	5394	-0.945
186	22386467	5394	-0.9495
186	10280735	5394	-0.9499
186	135565181	5394	-0.9538
186	10366136	5394	-0.9566
186	446541	5394	-0.9572
186	9549305	5394	-0.959
186	16722832	5394	-0.9617
186	53340666	5394	-0.9623
186	9893571	5394	-0.9668
186	40854	5394	-0.9695
186	5381	5394	-0.9718
186	10141893	5394	-0.9728
186	5328940	5394	-0.9737
186	56649450	5394	-0.9743
186	5717801	5394	-0.9757
186	4878	5394	-0.9765
186	25062766	5394	-0.9784
186	44139710	5394	-0.9812
186	16666708	5394	-0.9859
186	57336812	5394	-0.9861
186	24748204	5394	-0.9906
186	44607360	5394	-0.9933
186	214347	5394	-0.9937
186	24963252	5394	-0.9943
186	9956119	5394	-0.996
186	5081913	5394	-0.9968
186	24988881	5394	-0.9973
186	24756910	5394	-1.0026
186	71576678	5394	-1.006
186	46943432	5394	-1.0069
186	46885626	5394	-1.0103
186	52912189	5394	-1.0105
186	71271629	5394	-1.0116
186	2779853	5394	-1.012
186	3994	5394	-1.0123
186	57339395	5394	-1.0164
186	135565545	5394	-1.0194
186	23725625	5394	-1.0196
186	25102847	5394	-1.0212
186	5186	5394	-1.0216
186	11647372	5394	-1.0225
186	16118392	5394	-1.0294
186	46907787	5394	-1.0304
186	9926054	5394	-1.0345
186	11960529	5394	-1.0378
186	135659062	5394	-1.0403
186	5281068	5394	-1.0572
186	11707110	5394	-1.058
186	1400	5394	-1.061
186	448949	5394	-1.0655
186	31239	5394	-1.0673
186	11327430	5394	-1.0696
186	11984591	5394	-1.0698
186	56948527	5394	-1.0734
186	23582824	5394	-1.0752
186	9823820	5394	-1.0774
186	119369	5394	-1.0837
186	73211763	5394	-1.0974
186	44137946	5394	-1.1008
186	25066467	5394	-1.1042
186	101526	5394	-1.1058
186	9911830	5394	-1.1123
186	24889392	5394	-1.118
186	24858111	5394	-1.1189
186	44199317	5394	-1.1202
186	71601111	5394	-1.1241
186	135985126	5394	-1.1299
186	11282283	5394	-1.1425
186	71521142	5394	-1.148
186	25154041	5394	-1.1503
186	11511120	5394	-1.1505
186	11102	5394	-1.1565
186	10297043	5394	-1.1588
186	9933475	5394	-1.1751
186	468595	5394	-1.1999
186	16736978	5394	-1.2022
186	6918638	5394	-1.2031
186	25229526	5394	-1.204
186	10113978	5394	-1.2269
186	51039095	5394	-1.234
186	25154867	5394	-1.2455
186	16747388	5394	-1.2521
186	5974	5394	-1.3213
186	16722836	5394	-1.3265
186	135398510	5394	-1.3298
186	46945860	5394	-1.3371
186	44187362	5394	-1.3388
186	10302451	5394	-1.3534
186	57379345	5394	-1.3547
186	24795070	5394	-1.3613
186	56654642	5394	-1.419
186	9549298	5394	-1.4477
