CELL_ID	PUB_IDA	PUB_IDB	SCORE_BLISS
17	59691338	208908	-1.2749
17	5743	5311	-1.4769
17	5311	208908	-0.7957
17	5311	5288382	-0.8231
17	176870	3062316	-0.8806
17	208908	176870	-1.0849
17	6857599	16224745	-1.2342
17	24958200	176870	-1.2107
17	13342	176870	-1.2929
17	13342	208908	-1.2057
17	4091	208908	-1.2182
17	59691338	11960529	-1.1117
17	59691338	44424639	-1.071
17	4091	5394	-1.2954
17	24958200	104842	-1.1758
17	36462	5288382	-0.9559
17	126941	208908	-0.1121
17	126941	24958200	-0.0805
17	126941	5394	-0.0399
17	387447	11960529	0.0033
17	126941	24748204	-0.1009
17	126941	176870	-0.1333
17	126941	216453	-0.1323
17	126941	11960529	-0.0419
17	126941	5329102	-0.158
17	126941	24856436	-0.1341
17	126941	5311	-0.1763
17	126941	5288382	-0.152
17	126941	16224745	-0.0929
17	31703	216239	-0.2241
17	126941	24964624	-0.2132
17	126941	216239	-0.2002
17	126941	3062316	-0.1227
17	31703	216453	-0.1654
17	387447	16224745	-0.1599
17	387447	6857599	-0.1815
17	60750	24958200	-0.2085
17	60750	208908	-0.2435
17	60750	5288382	-0.2482
17	387447	3062316	-0.0206
17	60750	11960529	-0.1847
17	60750	5394	-0.2066
17	60750	216239	-0.3394
17	60750	24748204	-0.2327
17	60750	3062316	-0.2759
17	31703	5329102	-0.3444
17	60750	24964624	-0.3178
17	60750	176870	-0.279
17	387447	60700	-0.2986
17	46926350	16224745	-0.2377
17	60750	5329102	-0.3204
17	60750	6421776	-0.3281
17	31703	5394	-0.1647
17	5311	216239	-0.3747
17	5311	5394	-0.2495
17	60750	24856436	-0.3511
17	387447	216239	-0.3631
17	60750	16224745	-0.3621
17	60750	9826528	-0.4198
17	387447	5288382	-0.0675
17	31703	24958200	-0.1987
17	126941	6421776	-0.4811
17	60750	46926350	-0.4801
17	31703	16224745	-0.4371
17	31703	11960529	-0.1393
17	5329102	216239	-0.5826
17	5329102	5394	-0.3899
17	31703	5311	-0.5152
17	31703	24964624	-0.4762
17	60750	387447	-0.5747
17	126941	9826528	-0.6113
17	6421776	6857599	-0.4515
17	387447	6421776	-0.5341
17	5311	6857599	-0.4316
17	60700	216239	-0.5978
17	31703	5288382	-0.4497
17	31703	24748204	-0.2599
17	31703	176870	-0.2967
17	6421776	216239	-0.6677
17	31703	208908	-0.429
17	5311	5329102	-0.6472
17	6421776	16224745	-0.5435
17	31703	3062316	-0.4883
17	60750	11520894	-0.6888
17	3385	5394	-0.4976
17	60700	16224745	-0.584
17	5311	11960529	-0.4473
17	5329102	6857599	-0.5861
17	3385	216239	-0.7141
17	5311	24958200	-0.5687
17	126941	46926350	-0.8634
17	126941	387447	-0.8583
17	24964624	216239	-0.833
17	31703	24856436	-0.717
17	216453	5394	-0.5897
17	176870	216239	-0.7711
17	216453	216239	-0.8459
17	126941	11520894	-0.9606
17	3385	11960529	-0.6095
17	5329102	11960529	-0.6909
17	208908	216239	-0.8251
17	3385	5329102	-0.8557
17	176870	6857599	-0.5855
17	24964624	6857599	-0.5624
17	5329102	24958200	-0.7665
17	36462	5394	-0.5348
17	387447	46926350	-0.7756
17	3385	24958200	-0.7114
17	216453	6857599	-0.6847
17	216453	11960529	-0.6337
17	3385	216453	-0.837
17	5311	176870	-0.9089
17	5311	16224745	-0.8718
17	5746	216239	-0.8661
17	31703	6421776	-0.8862
17	216453	5329102	-0.9476
17	24964624	11960529	-0.641
17	5746	5394	-0.6761
17	5311	3062316	-0.7622
17	216453	24958200	-0.7783
17	5311	24964624	-0.9111
17	3385	5311	-0.954
17	3385	208908	-0.8493
17	3385	16224745	-0.8161
17	5746	5329102	-0.9492
17	208908	6857599	-0.6532
17	3385	176870	-0.9132
17	31703	9826528	-0.8321
17	3385	3062316	-0.821
17	5329102	208908	-0.9744
17	60700	6421776	-0.9804
17	3385	24964624	-0.9386
17	176870	11960529	-0.6321
17	5746	11960529	-0.6471
17	5329102	16224745	-0.997
17	5329102	176870	-0.98
17	5311	24748204	-0.9158
17	3385	24748204	-0.9036
17	5329102	24964624	-1.0264
17	36462	216239	-0.9754
17	5746	216453	-0.8066
17	24748204	216239	-1.0522
17	216453	5311	-0.9896
17	216453	16224745	-0.9333
17	5329102	3062316	-0.9529
17	216453	208908	-0.8992
17	3385	5288382	-0.8563
17	24748204	6857599	-0.8148
17	216453	176870	-0.9288
17	216239	16224745	-1.0593
17	5746	24958200	-0.7667
17	216453	36462	-0.8269
17	216453	24964624	-0.997
17	387447	11520894	-0.8602
17	24964624	176870	-0.8929
17	216453	3062316	-0.8357
17	24964624	16224745	-0.8876
17	5329102	24748204	-1.0393
17	216453	24748204	-0.3773
17	216453	5288382	-0.8756
17	24964624	5288382	-0.8392
17	5746	16224745	-0.9322
17	24964624	3062316	-0.8579
17	216239	46926350	-1.1473
17	5329102	5288382	-0.997
17	5311	9826528	-1.0307
17	5746	5311	-1.0358
17	31703	46926350	-1.118
17	5394	216239	-1.1512
17	31703	387447	-1.1183
17	216453	60700	-1.1576
17	24748204	11960529	-0.5403
17	5311	60700	-1.1676
17	24748204	24958200	-0.8194
17	5329102	9826528	-1.0966
17	60700	46926350	-1.0983
17	5746	208908	-0.9092
17	3385	24856436	-1.1291
17	176870	16224745	-1.0193
17	24958200	216239	-1.1434
17	31703	11520894	-1.0643
17	5394	6857599	-0.9701
17	3385	9826528	-0.9934
17	5311	11520894	-1.0645
17	5394	11960529	-0.9038
17	5746	176870	-0.9016
17	5329102	60700	-1.205
17	3385	6421776	-1.1452
17	5746	24964624	-1.038
17	6857599	216239	-1.1715
17	208908	24958200	-0.8796
17	5746	24748204	-0.848
17	5394	24748204	-0.673
17	24964624	60700	-1.1492
17	208908	11960529	-0.7437
17	6421776	46926350	-1.2235
17	5329102	24856436	-1.1957
17	216453	6421776	-1.233
17	216453	24856436	-1.1063
17	3385	46926350	-1.1862
17	5329102	11520894	-1.165
17	387447	104842	-1.0647
17	5746	5288382	-0.8892
17	36462	11960529	-0.7565
17	5746	3062316	-0.8471
17	5311	6421776	-1.2551
17	3385	387447	-1.2141
17	3385	11520894	-1.0423
17	5329102	6421776	-1.2922
17	216453	9826528	-0.9864
17	38904	5394	-0.9187
17	5329102	46926350	-1.3026
17	5311	104842	-1.1091
17	5329102	387447	-1.292
17	5329102	104842	-1.1583
17	176870	5288382	-0.9059
17	216453	44424639	-1.0482
17	5311	24856436	-1.2444
17	24748204	16224745	-0.5737
17	24964624	9826528	-0.982
17	5394	24958200	-0.9329
17	5311	46926350	-1.2188
17	5394	3062316	-0.9161
17	24748204	176870	-1.1396
17	5394	208908	-1.0529
17	24748204	24964624	-1.0747
17	5311	60750	-1.4559
17	24958200	6857599	-0.9879
17	15953832	4091	-0.8331
17	6421776	104842	-1.1767
17	5311	387447	-1.2782
17	5394	176870	-1.1643
17	216453	387447	-1.1911
17	5394	24964624	-1.1278
17	5394	16224745	-1.1761
17	216453	46926350	-1.2158
17	216453	104842	-1.0934
17	24964624	6421776	-1.2488
17	36462	24958200	-0.9282
17	24748204	3062316	-0.8541
17	216453	60750	-1.4592
17	5394	5288382	-0.9557
17	24856436	11520894	-1.1046
17	24748204	5288382	-0.6617
17	24856436	9826528	-1.0787
17	216453	11520894	-1.035
17	5394	60700	-1.1513
17	24856436	5288382	-1.0737
17	15953832	5394	-1.0417
17	5394	9826528	-1.0042
17	5394	24856436	-1.2357
17	5394	104842	-1.0464
17	36462	5329102	-1.2342
17	5394	6421776	-1.2528
17	5394	387447	-1.2218
17	24856436	3062316	-1.0535
17	176870	9826528	-1.0234
17	24748204	6421776	-0.7832
17	5394	11520894	-1.0366
17	24964624	46926350	-1.2489
17	24964624	104842	-1.169
17	5746	24856436	-1.1827
17	24964624	387447	-1.2324
17	176870	60700	-1.2661
17	5394	46926350	-1.2079
17	24964624	11520894	-1.0318
17	24856436	6857599	-1.1782
17	24856436	24958200	-1.1346
17	24748204	60700	-1.1699
17	24748204	46926350	-0.7667
17	24856436	11960529	-1.0532
17	15953832	216239	-1.3822
17	24856436	24748204	-1.1957
17	24856436	104842	-1.1569
17	24856436	176870	-1.2241
17	24856436	208908	-1.2251
17	15953832	38904	-0.9467
17	176870	11520894	-1.1009
17	24856436	387447	-1.2953
17	24958200	11960529	-0.8849
17	36462	208908	-1.1029
17	208908	3062316	-0.9897
17	24856436	24964624	-1.2917
17	24856436	16224745	-1.3464
17	24856436	60700	-1.3039
17	24856436	46926350	-1.2838
17	24856436	216239	-1.4263
17	24856436	6421776	-1.3145
17	208908	16224745	-1.1855
17	176870	104842	-1.1362
17	5746	6421776	-1.279
17	208908	24964624	-1.1483
17	176870	6421776	-1.3097
17	176870	46926350	-1.3653
17	36462	176870	-1.1234
17	15953832	6857599	-1.0242
17	176870	387447	-1.3017
17	5746	9826528	-1.05
17	36462	5311	-1.2402
17	36462	16224745	-1.1498
17	15953832	5743	-0.955
17	15953832	2907	-0.9318
17	15953832	11960529	-0.9431
17	36462	24964624	-1.2205
17	24748204	11520894	-1.0698
17	36462	3062316	-0.9223
17	24748204	104842	-1.0746
17	15953832	3385	-1.3002
17	208908	5288382	-1.1233
17	208908	24748204	-1.1913
17	6857599	46926350	-1.2892
17	15953832	24958200	-1.0942
17	36462	24748204	-1.043
17	24748204	9826528	-0.7827
17	5746	387447	-1.3372
17	5746	11520894	-1.1392
17	24748204	387447	-0.7608
17	5746	46926350	-1.2942
17	208908	104842	-1.1677
17	15953832	5329102	-1.3485
17	15953832	216453	-1.2828
17	24958200	9826528	-1.0211
17	11520894	5288382	-0.9585
17	208908	9826528	-1.0531
17	208908	387447	-1.4009
17	15953832	3062316	-1.0084
17	24958200	3062316	-1.0628
17	208908	60700	-1.3108
17	15953832	176870	-1.2089
17	208908	11520894	-1.1621
17	208908	6421776	-1.3749
17	208908	46926350	-1.4057
17	15953832	5311	-1.3399
17	15953832	16224745	-1.2757
17	24958200	5288382	-1.0733
17	15953832	36462	-1.1411
17	15953832	24964624	-1.3153
17	15953832	208908	-1.1148
17	24958200	24964624	-1.3196
17	15953832	24748204	-1.1546
17	24958200	11520894	-1.1262
17	36462	9826528	-1.0244
17	15953832	9826528	-1.0468
17	15953832	5288382	-0.9811
17	36462	24856436	-1.3023
17	36462	11520894	-1.0913
17	15953832	44424639	-1.1129
17	36462	6421776	-1.3393
17	24958200	16224745	-1.1924
17	36462	46926350	-1.2611
17	24958200	46926350	-1.2468
17	24958200	60700	-1.3952
17	11520894	16224745	-1.165
17	24958200	6421776	-1.3678
17	24958200	387447	-1.3576
17	11520894	6857599	-1.1479
17	15953832	60700	-1.4154
17	15953832	5746	-1.1732
17	11520894	60700	-1.3236
17	104842	46926350	-1.2715
17	15953832	31703	-1.2541
17	11520894	216239	-1.4867
17	11520894	6421776	-1.428
17	36462	387447	-1.3645
17	104842	16224745	-1.2296
17	15953832	24856436	-1.3569
17	15953832	6421776	-1.4059
17	15953832	387447	-1.3844
17	15953832	46926350	-1.3212
17	38904	9826528	-1.0437
17	104842	216239	-1.5085
17	15953832	126941	-1.5907
17	15953832	36314	-1.2334
17	15953832	104842	-1.1736
17	15953832	11520894	-1.156
17	15953832	60750	-1.6487
17	11520894	46926350	-1.2927
17	15953832	13342	-1.0531
17	38904	11960529	-1.097
17	38904	208908	-1.1898
17	38904	176870	-1.2536
17	38904	16224745	-1.2958
17	11960529	11520894	-0.9744
17	38904	216239	-1.4319
17	38904	24958200	-1.1944
17	38904	3062316	-1.0027
17	38904	216453	-1.3104
17	38904	24964624	-1.2843
17	38904	24856436	-1.3006
17	38904	5329102	-1.462
17	38904	5288382	-1.0662
17	38904	46926350	-1.2827
17	38904	387447	-1.3719
17	38904	5311	-1.3705
17	38904	24748204	-1.1806
17	38904	6421776	-1.4249
17	11520894	104842	-1.109
17	59691338	126941	-1.6358
17	36314	16224745	-1.2077
17	36314	176870	-1.2771
17	36314	3062316	-1.0035
17	36314	24958200	-1.1794
17	36314	11960529	-1.0376
17	11960529	6857599	-1.1796
17	11960529	60700	-1.3057
17	9826528	3062316	-0.913
17	36314	24748204	-1.2569
17	36314	5394	-1.2931
17	36314	216453	-1.354
17	36314	216239	-1.5229
17	36314	24964624	-1.3607
17	36314	24856436	-1.3185
17	36314	208908	-1.355
17	36314	5329102	-1.5279
17	36314	5311	-1.4164
17	11960529	5288382	-0.9822
17	11960529	16224745	-1.2627
17	11960529	216239	-1.5401
17	11960529	6421776	-1.4214
17	11960529	46926350	-1.2968
17	36314	5288382	-1.0162
17	11960529	104842	-1.1622
17	36314	9826528	-0.9893
17	13342	11960529	-0.9619
17	13342	11520894	-1.0277
17	9826528	5288382	-1.0005
17	36314	6421776	-1.3923
17	44424639	6421776	-1.428
17	13342	46926350	-1.27
17	13342	24958200	-1.1552
17	3062316	5288382	-0.9704
17	4091	3062316	-1.0132
17	9826528	387447	-1.3756
17	44424639	5288382	-0.9972
17	13342	5288382	-0.9745
17	36314	46926350	-1.3542
17	9826528	11960529	-0.9732
17	59691338	13342	-1.0446
17	5743	387447	-1.3978
17	36314	387447	-1.3598
17	13342	9826528	-1.0192
17	2907	3062316	-1.0072
17	13342	3062316	-0.9428
17	4091	9826528	-0.9688
17	5288382	46926350	-1.3374
17	36314	11520894	-1.1131
17	44424639	387447	-1.3439
17	44424639	3062316	-0.9938
17	9826528	11520894	-1.0505
17	13342	5311	-1.4209
17	13342	387447	-1.3587
17	13342	24748204	-1.2253
17	13342	16224745	-1.2528
17	13342	216453	-1.4508
17	13342	6421776	-1.4222
17	13342	24964624	-1.324
17	13342	5329102	-1.5396
17	13342	24856436	-1.2961
17	13342	5394	-1.2729
17	13342	216239	-1.5745
17	59691338	4091	-1.0616
17	2907	5288382	-1.0117
17	59691338	9826528	-1.1011
17	4091	6421776	-1.381
17	59691338	5311	-0.9686
17	5288382	6857599	-1.1586
17	5743	5288382	-1.0219
17	9826528	16224745	-1.2499
17	4091	24856436	-1.2893
17	59691338	16224745	-1.2662
17	59691338	2907	-1.0759
17	2907	5311	-1.4425
17	4091	5288382	-0.974
17	2907	9826528	-0.9885
17	4091	11520894	-1.0911
17	59691338	5743	-1.089
17	44424639	208908	-1.3159
17	5743	176870	-1.2619
17	5743	24958200	-1.1965
17	4091	11960529	-0.9825
17	59691338	104842	-1.1272
17	44424639	24856436	-1.3177
17	44424639	5311	-1.4344
17	3062316	6421776	-1.4272
17	2907	176870	-1.2553
17	4091	24748204	-1.2137
17	3062316	104842	-1.1467
17	9826528	60700	-1.4116
17	5743	6421776	-1.4308
17	5743	3062316	-0.9935
17	2907	46926350	-1.3312
17	4091	387447	-1.264
17	59691338	15953832	-1.1604
17	59691338	24856436	-1.3413
17	2907	208908	-1.2071
17	59691338	38904	-1.1667
17	5743	11520894	-1.1081
17	9826528	6857599	-1.1722
17	5743	16224745	-1.2973
17	2907	387447	-1.4073
17	2907	24958200	-1.1913
17	59691338	387447	-1.4424
17	5288382	104842	-1.1405
17	4091	5311	-1.4263
17	44424639	24958200	-1.1692
17	44424639	9826528	-0.9684
17	2907	5394	-1.2708
17	2907	6421776	-1.4351
17	59691338	11520894	-1.113
17	44424639	11960529	-1.0301
17	5743	46926350	-1.3366
17	5743	24748204	-1.2375
17	4091	176870	-1.2503
17	5288382	6421776	-1.4474
17	5743	208908	-1.2037
17	4091	16224745	-1.2658
17	2907	24964624	-1.3449
17	59691338	6857599	-1.3057
17	9826528	216239	-1.5426
17	2907	11960529	-1.0763
17	2907	24856436	-1.3554
17	5288382	60700	-1.4256
17	5743	5394	-1.3183
17	59691338	60750	-1.6953
17	3062316	6857599	-1.1302
17	44424639	5329102	-1.5461
17	4091	216239	-1.5767
17	59691338	60700	-1.4319
17	2907	5329102	-1.5344
17	5743	216239	-1.5549
17	59691338	3385	-1.463
17	59691338	24958200	-1.2326
17	44424639	11520894	-1.0929
17	4091	24958200	-1.1953
17	59691338	5329102	-1.542
17	4091	216453	-1.3549
17	44424639	46926350	-1.3719
17	59691338	216453	-1.4358
17	59691338	176870	-1.4663
17	59691338	24964624	-1.3987
17	9826528	6421776	-1.4395
17	2907	11520894	-1.0905
17	5743	216453	-1.4132
17	59691338	24748204	-1.2568
17	4091	24964624	-1.3426
17	3062316	16224745	-1.2319
17	5288382	16224745	-1.3058
17	5743	24964624	-1.3786
17	59691338	46926350	-1.3249
17	3062316	216239	-1.5479
17	9826528	46926350	-1.3021
17	59691338	6421776	-1.4825
17	59691338	36314	-1.1707
17	5743	24856436	-1.3529
17	44424639	24748204	-1.2362
17	5743	11960529	-1.0336
17	59691338	3062316	-1.007
17	3062316	11520894	-1.0838
17	2907	24748204	-1.248
17	44424639	5394	-1.3329
17	4091	5329102	-1.4951
17	44424639	16224745	-1.271
17	3062316	11960529	-1.0564
17	2907	16224745	-1.2678
17	5288382	216239	-1.5491
17	5743	5329102	-1.521
17	59691338	5288382	-1.1035
17	9826528	104842	-1.1645
17	44424639	216239	-1.5728
17	59691338	5394	-1.3338
17	44424639	176870	-1.3821
17	59691338	36462	-1.1793
17	4091	46926350	-1.3222
17	2907	216239	-1.5546
17	59691338	216239	-1.5659
17	3062316	46926350	-1.331
17	5743	9826528	-1.0302
17	59691338	31703	-1.551
17	3062316	60700	-1.3783
17	59691338	5746	-1.2295
17	2907	216453	-1.4093
17	44424639	24964624	-1.3702
17	38904	11520894	-1.1151
