CELL_ID	PUB_IDA	PUB_IDB	SCORE_BLISS
116	73389731	11364421	-0.4068
116	24776445	148124	-0.887
116	6442177	5287969	-0.8878
116	11626560	104842	-0.9064
116	36314	64139	-0.8825
116	176870	64143	-0.947
116	11626560	9938202	-0.8713
116	25102847	3652	-0.9163
116	24776445	5282054	-0.9148
116	24776445	2520	-0.9414
116	176870	5291	-0.95
116	6442177	24964624	-0.9074
116	36314	42611257	-0.9107
116	36314	42642645	-0.9482
116	176870	4470790	-0.9186
116	25102847	11178236	-0.9631
116	24776445	421610	-0.8685
116	6442177	77999	-1.0252
116	25102847	42611257	-0.9178
116	11626560	10126593	-0.8408
116	25102847	5282054	-0.9483
116	24776445	78358496	-0.8644
116	6442177	285033	-0.8706
116	11626560	11494412	-0.9884
116	6442177	24856436	-0.7905
116	36314	49867930	-0.935
116	36314	11556711	-0.9419
116	24776445	3387354	-0.8227
116	36314	5291	-0.9421
116	176870	60823	-0.8685
116	25102847	11364421	-0.9216
116	24776445	216239	-0.9394
116	6442177	60823	-0.8024
116	11626560	5288674	-0.9016
116	36314	4261	-0.9213
116	176870	219104	-0.8738
116	25102847	49867930	-0.9717
116	25102847	5330286	-0.871
116	25102847	5291	-0.9035
116	176870	5311	-0.9222
116	11626560	23661637	-0.8796
116	24776445	24775005	-0.8201
116	6442177	2520	-0.8438
116	176870	5287969	-0.9419
116	11626560	44607530	-0.9479
116	6442177	3081361	-0.8424
116	11626560	6421776	-0.9589
116	36314	24785538	-0.943
116	176870	16065773	-0.8321
116	11626560	5328940	-0.9083
116	25102847	9938202	-0.8934
116	24776445	10126593	-0.8103
116	6442177	4261	-0.8736
116	24776445	159324	-0.8513
116	176870	38904	-0.845
116	11626560	42611257	-0.9343
116	6442177	176870	-0.8573
116	36314	5452	-0.9247
116	36314	11488320	-0.883
116	25102847	5081913	-0.8935
116	24776445	51039095	-0.6886
116	11626560	42642645	-0.9281
116	36314	16681698	-0.9529
116	176870	6419747	-0.8875
116	25102847	5452	-0.9429
116	11626560	16720766	-0.9522
116	25102847	36314	-1.097
116	176870	3081361	-0.8871
116	24776445	11382492	-0.7943
116	6442177	64139	-0.8289
116	11626560	49867930	-0.953
116	176870	6256	-0.9375
116	36314	5330286	-0.9043
116	36314	446556	-0.9787
116	24776445	23661637	-0.909
116	36314	38904	-0.9404
116	176870	11598628	-0.8933
116	25102847	51039095	-0.8769
116	24776445	208908	-0.7348
116	6442177	11598628	-0.8399
116	11626560	11556711	-0.9256
116	36314	16725726	-0.9023
116	176870	3034010	-0.8496
116	11626560	16065773	-0.8812
116	25102847	64143	-0.9732
116	24776445	9938202	-0.866
116	6442177	9836739	-0.9175
116	25102847	38904	-0.8798
116	176870	36314	-0.9841
116	11626560	216345	-0.9966
116	6442177	5329102	-0.9317
116	11626560	387447	-0.9055
116	36314	637858	-0.8951
116	25102847	25023738	-0.9451
116	24776445	1069686	-0.7913
116	6442177	159324	-0.8824
116	6442177	4091	-0.8661
116	36314	107985	-0.9945
116	36314	135398510	-0.9916
116	176870	3218	-0.8928
116	25102847	3854666	-0.946
116	24776445	176167	-0.9262
116	25102847	107985	-0.957
116	11626560	11178236	-0.9549
116	25102847	5328940	-0.9221
116	24776445	16720766	-0.6075
116	6442177	16725726	-0.8442
116	11626560	5452	-0.9242
116	176870	135418940	-0.8312
116	36314	219104	-1.0299
116	36314	44424639	-0.9908
116	24776445	49867930	-0.8725
116	36314	3385	-0.9117
116	176870	49806720	-0.9725
116	25102847	17755052	-0.7649
116	24776445	5284616	-0.7385
116	6442177	49806720	-0.9142
116	11626560	11488320	-0.9008
116	176870	10461815	-0.8855
116	25102847	219104	-1.0094
116	25102847	3034010	-0.8471
116	25102847	3385	-0.8714
116	176870	11960529	-0.877
116	11626560	5330286	-0.843
116	24776445	216345	-0.8422
116	176870	11626560	-1.0097
116	24776445	3062316	-0.7738
116	6442177	11626560	-1.1084
116	11626560	446556	-0.847
116	36314	9887712	-0.8831
116	176870	1088438	-0.8974
116	11626560	2724385	-0.9296
116	25102847	16065773	-0.9101
116	24776445	5328940	-0.8247
116	6442177	16681698	-0.8693
116	176870	3385	-0.9356
116	24776445	6918289	-0.8587
116	176870	24856436	-0.8275
116	11626560	107985	-0.9304
116	6442177	451668	-0.861
116	36314	6419747	-0.9078
116	36314	10184653	-1.0628
116	36314	24964624	-0.9384
116	176870	56972186	-0.867
116	25102847	5287969	-0.9884
116	24776445	5311	-0.7846
116	6442177	56972186	-0.8632
116	11626560	135398510	-0.8875
116	36314	24775005	-0.9528
116	176870	300471	-1.0021
116	25102847	6419747	-0.99
116	11626560	5081913	-0.9342
116	25102847	24964624	-0.9642
116	176870	11707110	-0.8231
116	24776445	11364421	-0.5554
116	6442177	9887712	-0.8682
116	11626560	219104	-1.0105
116	176870	9571836	-0.8805
116	36314	3034010	-0.8191
116	36314	6857599	-0.9849
116	24776445	5330286	-0.8166
116	36314	24856436	-0.969
116	176870	24771867	-0.7796
116	25102847	5311	-1.0046
116	24776445	5291	-0.9725
116	6442177	24771867	-0.7819
116	11626560	44424639	-0.9504
116	36314	421610	-0.8908
116	176870	16038120	-0.8821
116	11626560	9811606	-0.8323
116	25102847	1088438	-0.8795
116	24776445	2724385	-0.6172
116	6442177	44631903	-0.9064
116	25102847	24856436	-0.9165
116	176870	24964624	-0.8441
116	11626560	64143	-0.9485
116	6442177	104842	-0.7661
116	36314	9910224	-1.0494
116	36314	78358496	-0.9331
116	25102847	60823	-0.8746
116	24776445	3652	-0.8997
116	6442177	6918289	-0.8274
116	25102847	9910224	-0.8718
116	11626560	2520	-0.9271
116	6442177	11707110	-0.8224
116	11626560	60750	-0.9142
116	36314	5353431	-0.9162
116	11626560	25023738	-0.8611
116	25102847	2724385	-0.9381
116	24776445	11178236	-0.7122
116	24776445	5081913	-0.7405
116	6442177	421610	-0.833
116	11626560	6419747	-0.9927
116	176870	24776445	-0.8595
116	36314	10461815	-0.8532
116	36314	60700	-0.9614
116	24776445	219104	-0.9081
116	36314	176870	-0.955
116	25102847	3081361	-0.978
116	24776445	36314	-0.9409
116	11626560	10184653	-0.9323
116	36314	1069686	-0.9916
116	176870	11612883	-0.9431
116	25102847	10461815	-0.8505
116	25102847	16038120	-0.9606
116	25102847	176870	-0.9769
116	176870	5329102	-0.8979
116	11626560	3034010	-0.8327
116	24776445	64143	-0.9058
116	6442177	6256	-0.9328
116	176870	1080352	-0.9127
116	24776445	38904	-0.9263
116	6442177	1080352	-0.8953
116	11626560	6857599	-0.9285
116	36314	969516	-1.0174
116	176870	8515	-0.8829
116	11626560	25062766	-0.9821
116	25102847	9811606	-0.8953
116	24776445	25023738	-0.9115
116	6442177	24775005	-0.913
116	24776445	6256	-0.8551
116	176870	176870	-0.916
116	6442177	6421776	-0.9011
116	36314	5566	-0.8702
116	36314	11382492	-1.034
116	176870	64139	-0.9084
116	25102847	11598628	-0.8894
116	176870	5494449	-0.8844
116	25102847	5566	-0.8563
116	11626560	3854666	-0.932
116	25102847	300471	-0.9563
116	25102847	11612883	-1.0023
116	25102847	4091	-0.9308
116	176870	11152667	-0.8717
116	24776445	17755052	-0.7093
116	6442177	969516	-0.8498
116	11626560	10461815	-0.9042
116	24776445	3034010	-0.7992
116	6442177	135418940	-0.8175
116	176870	46907787	-0.8299
116	25102847	11960529	-0.9165
116	24776445	3385	-0.8392
116	6442177	46907787	-0.8188
116	11626560	60700	-0.8761
116	36314	176167	-0.9248
116	11626560	4470790	-0.9252
116	25102847	8515	-0.9275
116	24776445	25062766	-0.8564
116	6442177	23661637	-0.892
116	24776445	135418940	-0.8835
116	176870	4091	-0.8881
116	11626560	1088438	-0.9029
116	6442177	446556	-0.8223
116	36314	44607530	-1.038
116	36314	16720766	-0.8302
116	25102847	49806720	-0.9086
116	24776445	16065773	-0.7363
116	6442177	2779853	-0.906
116	25102847	44607530	-0.9033
116	6442177	11152667	-0.8692
116	11626560	36462	-0.9251
116	36314	448014	-0.9647
116	11626560	60823	-0.8614
116	25102847	25062766	-0.9477
116	24776445	3854666	-0.7841
116	6442177	1069686	-0.8072
116	11626560	5566	-0.879
116	6442177	457193	-0.7994
116	36314	300471	-1.1008
116	36314	24978538	-0.9482
116	24776445	6419747	-0.9018
116	36314	4091	-0.9774
116	176870	24785538	-0.9119
116	25102847	11626560	-1.0813
116	24776445	11960529	-0.8881
116	6442177	24785538	-0.9441
116	11626560	11382492	-0.961
116	36314	216345	-1.2134
116	176870	77999	-0.9993
116	24776445	24964624	-0.8672
116	6442177	54454	-0.9548
116	11626560	24978538	-0.9088
116	36314	3652	-0.9088
116	176870	1401	-1.0088
116	25102847	451668	-0.9355
116	176870	104842	-0.8354
116	11626560	16038120	-0.9555
116	6442177	44424639	-0.8759
116	11626560	3062316	-0.9433
116	36314	11178236	-0.973
116	24776445	1088438	-0.9592
116	6442177	9571836	-0.8287
116	24776445	24856436	-0.5722
116	6442177	5288674	-0.8475
116	11626560	5746	-0.9085
116	36314	5282054	-0.9388
116	25102847	4470790	-0.8922
116	24776445	60823	-0.8062
116	6442177	216345	-0.9375
116	24776445	9571836	-0.5567
116	176870	451668	-0.8971
116	6442177	60750	-0.7904
116	36314	5494449	-1.095
116	36314	11364421	-1.07
116	176870	9887712	-0.904
116	25102847	24771867	-0.8664
116	24776445	11707110	-0.73
116	176870	159324	-0.8579
116	25102847	5494449	-0.962
116	11626560	11598628	-0.9287
116	25102847	104842	-0.9405
116	176870	5288674	-0.899
116	24776445	5287969	-0.565
116	6442177	176167	-0.9009
116	11626560	300471	-1.0053
116	176870	42611257	-0.9116
116	36314	11612883	-0.9937
116	36314	216239	-0.9414
116	24776445	10461815	-0.8024
116	36314	451668	-1.0712
116	176870	54454	-0.9281
116	25102847	11707110	-0.8843
116	24776445	16038120	-0.6779
116	6442177	24776445	-0.812
116	176870	42642645	-0.9007
116	25102847	5329102	-1.0261
116	24776445	176870	-0.8934
116	6442177	42642645	-0.8112
116	11626560	216239	-0.8486
116	36314	9938202	-0.8961
116	11626560	3218	-0.8544
116	6442177	5330286	-0.8773
116	24776445	24776445	-0.8667
116	176870	6421776	-0.8457
116	11626560	8515	-0.9992
116	6442177	6857599	-0.9106
116	36314	2520	-0.9001
116	36314	5081913	-0.9891
116	176870	421610	-0.8538
116	24776445	9811606	-0.8781
116	6442177	3387354	-0.7559
116	25102847	2520	-0.9049
116	6442177	11556711	-0.8012
116	11626560	148124	-0.8225
116	36314	10126593	-0.7631
116	11626560	49806720	-0.8868
116	24776445	11598628	-0.6821
116	6442177	3652	-0.9327
116	11626560	5494449	-0.9283
116	6442177	387447	-0.8073
116	36314	77999	-1.0491
116	36314	51039095	-1.014
116	24776445	300471	-0.939
116	36314	6421776	-0.9273
116	176870	5353431	-0.8835
116	25102847	1080352	-0.9369
116	24776445	5329102	-0.9281
116	6442177	5353431	-0.8305
116	11626560	11364421	-0.8791
116	36314	64143	-0.9706
116	176870	392622	-0.9148
116	25102847	77999	-1.0028
116	25102847	1401	-0.942
116	25102847	6421776	-0.9971
116	176870	11556711	-0.8315
116	24776445	3081361	-0.9384
116	11626560	11612883	-1.0104
116	6442177	60700	-0.8025
116	11626560	38904	-0.9143
116	36314	3854666	-0.963
116	24776445	8515	-0.9661
116	6442177	11494412	-0.9616
116	11626560	135418940	-0.9497
116	6442177	11488320	-0.9012
116	11626560	208908	-0.9779
116	36314	5328940	-1.0096
116	176870	285033	-0.8081
116	11626560	56972186	-0.9102
116	25102847	3218	-0.9691
116	24776445	49806720	-0.9474
116	6442177	64143	-0.97
116	24776445	11494412	-0.7536
116	176870	457193	-0.8156
116	6442177	36462	-0.9064
116	36314	159324	-0.9931
116	36314	17755052	-0.7792
116	176870	969516	-0.8997
116	25102847	46907787	-0.9654
116	24776445	11152667	-0.5188
116	176870	6918289	-0.8855
116	25102847	159324	-0.956
116	11626560	24771867	-0.8612
116	25102847	446556	-0.9313
116	176870	11488320	-0.8293
116	24776445	11626560	-0.9569
116	6442177	9938202	-0.8685
116	11626560	77999	-1.0267
116	176870	107985	-0.8217
116	36314	1401	-1.0155
116	36314	5284616	-0.918
116	24776445	11612883	-0.9421
116	36314	457193	-0.9474
116	176870	637858	-0.9293
116	25102847	11152667	-0.9468
116	24776445	4091	-0.9579
116	6442177	637858	-1.013
116	11626560	51039095	-0.8651
116	36314	16065773	-0.977
116	11626560	285033	-0.9275
116	6442177	219104	-0.9514
116	25102847	457193	-0.9375
116	176870	446556	-0.8999
116	24776445	56972186	-0.7348
116	6442177	3034010	-0.7859
116	24776445	42611257	-1.0233
116	176870	60750	-0.7953
116	6442177	5746	-0.8321
116	36314	5287969	-0.98
116	176870	176167	-0.936
116	25102847	54454	-0.9688
116	24776445	4470790	-0.9999
116	6442177	49867930	-0.8407
116	25102847	56972186	-0.8839
116	24776445	24771867	-0.7127
116	6442177	16065773	-0.8238
116	11626560	159324	-0.9712
116	176870	9910224	-0.94
116	36314	392622	-1.0349
116	36314	5311	-0.9621
116	24776445	77999	-0.9671
116	36314	60750	-0.9804
116	176870	448014	-0.8953
116	25102847	5288674	-0.9343
116	24776445	104842	-0.7143
116	6442177	448014	-0.9796
116	11626560	17755052	-0.8081
116	36314	1088438	-0.887
116	176870	9836739	-0.8637
116	25102847	392622	-0.9866
116	25102847	60750	-0.9471
116	176870	44424639	-0.8464
116	11626560	1401	-0.901
116	6442177	42611257	-0.9577
116	176870	135398510	-0.9009
116	24776445	451668	-0.8323
116	6442177	135398510	-0.8965
116	11626560	5284616	-0.8218
116	36314	2724385	-1.0426
116	176870	4261	-0.8674
116	11626560	64139	-0.8655
116	25102847	285033	-0.9396
116	176870	16725726	-0.9658
116	11626560	24785538	-0.9703
116	25102847	64139	-0.8758
116	6442177	1088438	-0.8594
116	24776445	5452	-0.93
116	176870	387447	-0.8146
116	6442177	148124	-0.8357
116	36314	6918289	-1.0676
116	36314	3081361	-0.9428
116	176870	5282054	-0.9064
116	25102847	42642645	-0.9319
116	24776445	11556711	-0.7039
116	6442177	5282054	-0.9498
116	11626560	5287969	-0.9697
116	36314	16038120	-0.9886
116	176870	2779853	-0.9039
116	25102847	6918289	-0.9253
116	11626560	46907787	-0.9469
116	25102847	6857599	-0.9761
116	176870	10184653	-0.8344
116	24776445	1080352	-0.6428
116	6442177	2724385	-0.8599
116	11626560	392622	-0.991
116	176870	5566	-0.846
116	36314	36314	-1.2254
116	24776445	1401	-0.7996
116	36314	387447	-0.9838
116	176870	78358496	-0.8344
116	25102847	11556711	-0.9481
116	24776445	6421776	-0.7603
116	6442177	78358496	-0.8393
116	11626560	5311	-1.0075
116	36314	9811606	-0.9177
116	176870	16681698	-0.8593
116	11626560	16725726	-0.8563
116	25102847	4261	-0.9218
116	24776445	64139	-0.8816
116	6442177	10461815	-0.9217
116	25102847	387447	-0.9429
116	176870	6857599	-0.8801
116	6442177	216239	-0.8935
116	11626560	24856436	-0.9046
116	36314	11598628	-0.9544
116	25102847	5353431	-0.9093
116	6442177	5452	-0.8515
116	11626560	24776445	-0.8389
116	6442177	10184653	-0.7701
116	11626560	5291	-1.0021
116	36314	25023738	-0.9722
116	25102847	6256	-0.9459
116	11626560	54454	-1.0065
116	25102847	24785538	-0.9588
116	24776445	46907787	-0.6804
116	6442177	9811606	-0.8552
116	11626560	6918289	-0.8803
116	176870	44607530	-0.9409
116	36314	9836739	-1.0384
116	36314	11960529	-0.9604
116	24776445	392622	-0.9203
116	36314	36462	-0.9966
116	176870	10126593	-0.8135
116	25102847	11488320	-0.9338
116	24776445	446556	-0.7826
116	6442177	10126593	-0.8254
116	11626560	3081361	-0.9429
116	36314	8515	-0.8975
116	176870	44631903	-0.9451
116	25102847	9836739	-1.0185
116	25102847	16681698	-0.9773
116	25102847	36462	-0.9394
116	176870	60700	-0.8642
116	6442177	107985	-0.8124
116	176870	11382492	-0.9874
116	24776445	457193	-0.7504
116	6442177	11382492	-0.9341
116	11626560	36314	-1.0064
116	36314	25062766	-0.9555
116	11626560	9887712	-0.9053
116	25102847	16725726	-0.9683
116	24776445	24785538	-0.7376
116	6442177	16038120	-0.908
116	24776445	107985	-0.7248
116	176870	36462	-0.9235
116	6442177	208908	-0.8467
116	36314	6256	-1.0162
116	36314	11626560	-1.3552
116	176870	9938202	-0.9604
116	25102847	637858	-0.9808
116	24776445	3218	-0.8825
116	25102847	135398510	-0.9426
116	24776445	44424639	-0.7503
116	6442177	5328940	-0.9584
116	11626560	11626560	-1.1515
116	176870	3387354	-0.8136
116	25102847	2779853	-1.0019
116	25102847	5746	-0.9575
116	176870	24978538	-0.8617
116	24776445	5288674	-0.6314
116	6442177	25062766	-0.9569
116	11626560	9836739	-1.0038
116	6442177	9910224	-0.8645
116	176870	16720766	-0.8565
116	25102847	44424639	-0.9381
116	24776445	60750	-0.7605
116	6442177	16720766	-0.871
116	11626560	11960529	-0.9663
116	36314	4470790	-0.8916
116	176870	24775005	-0.9124
116	11626560	421610	-0.8685
116	24776445	9887712	-0.9302
116	6442177	11612883	-1.0203
116	24776445	9910224	-0.9319
116	176870	5746	-0.8773
116	11626560	4261	-0.9185
116	6442177	5284616	-0.8103
116	36314	135418940	-0.885
116	36314	24771867	-1.0005
116	25102847	448014	-0.9049
116	24776445	285033	-0.5468
116	6442177	6419747	-0.9384
116	25102847	135418940	-0.9606
116	6442177	24978538	-0.8257
116	11626560	3385	-0.8597
116	36314	60823	-0.8451
116	11626560	5353431	-0.8934
116	25102847	9887712	-0.9624
116	24776445	54454	-0.906
116	6442177	8515	-0.9125
116	11626560	6256	-0.9595
116	6442177	3062316	-0.9139
116	36314	2779853	-0.9137
116	36314	11707110	-0.889
116	36314	5746	-1.0053
116	176870	5328940	-0.9042
116	176870	2520	-0.9205
116	36314	44631903	-0.908
116	36314	5329102	-1.0141
116	24776445	9836739	-0.9495
116	36314	148124	-1.0332
116	176870	11178236	-0.9116
116	25102847	10184653	-0.9494
116	24776445	6857599	-0.9066
116	6442177	11178236	-0.8581
116	11626560	11707110	-0.8568
116	176870	23661637	-0.9628
116	11626560	1069686	-0.9439
116	25102847	44631903	-0.8761
116	25102847	24775005	-0.9538
116	25102847	148124	-0.9524
116	176870	216239	-0.8993
116	11626560	16681698	-0.9032
116	6442177	5311	-0.9026
116	11626560	451668	-0.8972
116	24776445	4261	-0.6935
116	6442177	5566	-0.7748
116	24776445	387447	-0.6748
116	6442177	11364421	-0.786
116	11626560	24964624	-0.9873
116	176870	1069686	-0.9047
116	11626560	969516	-1.0098
116	25102847	421610	-0.8696
116	24776445	5353431	-0.6857
116	24776445	5566	-0.8763
116	176870	148124	-0.8249
116	6442177	5291	-1.0721
116	36314	9571836	-0.9437
116	36314	1080352	-0.9604
116	176870	2724385	-0.9085
116	25102847	78358496	-0.9123
116	24776445	10184653	-0.7301
116	176870	11494412	-0.9548
116	25102847	9571836	-0.9176
116	11626560	637858	-0.9948
116	25102847	216239	-0.851
116	176870	11364421	-0.8112
116	24776445	42642645	-0.6736
116	6442177	4470790	-0.8302
116	11626560	2779853	-0.9447
116	24776445	11488320	-0.8085
116	11626560	44631903	-0.8749
116	24776445	16681698	-0.6181
116	6442177	44607530	-0.9022
116	176870	5081913	-0.934
116	25102847	60700	-0.9104
116	24776445	36462	-0.7032
116	6442177	5081913	-0.9155
116	11626560	5329102	-0.9404
116	36314	3218	-0.9534
116	176870	216345	-0.9497
116	11626560	176167	-0.9202
116	25102847	1069686	-0.916
116	24776445	969516	-0.8714
116	6442177	1401	-0.8998
116	24776445	44607530	-0.9648
116	176870	208908	-0.8625
116	6442177	36314	-0.9258
116	36314	24776445	-0.8029
116	36314	46907787	-0.9791
116	176870	9811606	-0.8748
116	25102847	10126593	-0.8425
116	24776445	16725726	-0.8967
116	6442177	300471	-0.9495
116	25102847	24776445	-0.8492
116	6442177	51039095	-0.8389
116	11626560	176870	-0.9425
116	36314	49806720	-0.9877
116	11626560	448014	-0.9242
116	25102847	969516	-0.9718
116	24776445	637858	-0.809
116	11626560	9571836	-0.9106
116	6442177	38904	-0.8357
116	36314	3387354	-0.889
116	36314	11152667	-1.0451
116	24776445	2779853	-0.7371
116	36314	208908	-0.9898
116	176870	25023738	-0.9439
116	25102847	11382492	-0.9799
116	24776445	60700	-0.5164
116	6442177	25023738	-0.9106
116	11626560	1080352	-0.8786
116	176870	49867930	-0.8409
116	25102847	3387354	-0.9035
116	25102847	23661637	-0.8506
116	25102847	208908	-0.956
116	176870	51039095	-0.9661
116	6442177	392622	-0.9119
116	25102847	3062316	-0.985
116	176870	5284616	-0.8785
116	11626560	24775005	-0.9489
116	6442177	11960529	-0.9815
116	11626560	457193	-0.9155
116	36314	54454	-1.1215
116	6442177	5494449	-0.8921
116	11626560	9910224	-0.8871
116	6442177	17755052	-0.7584
116	11626560	4091	-0.9402
116	36314	56972186	-0.9239
116	176870	3652	-0.9344
116	11626560	5282054	-0.9422
116	25102847	176167	-0.9279
116	24776445	448014	-0.8212
116	24776445	5494449	-0.7761
116	176870	3062316	-0.8346
116	6442177	3385	-0.8746
116	36314	11494412	-1.0222
116	36314	5288674	-0.9712
116	176870	25062766	-0.9318
116	25102847	16720766	-0.9138
116	24776445	24978538	-0.6067
116	176870	5452	-0.8983
116	25102847	11494412	-0.9972
116	11626560	78358496	-0.8674
116	25102847	5284616	-0.8355
116	176870	17755052	-0.7744
116	24776445	135398510	-0.6647
116	6442177	3218	-0.86
116	11626560	3387354	-0.95
116	36314	23661637	-0.8701
116	36314	104842	-1.0066
116	24776445	44631903	-0.9706
116	36314	3062316	-0.9162
116	176870	3854666	-0.8982
116	25102847	24978538	-0.9046
116	24776445	5746	-0.4971
116	6442177	3854666	-0.8351
116	11626560	11152667	-0.9352
116	36314	285033	-1.0064
116	176870	5330286	-0.9473
116	11626560	3652	-0.9295
116	25102847	216345	-0.9394
